36383
627439
357277
823071
571857
381022
543185
929486
850734
130041
444839
222474
192260
732281
581519
57887
965282
864234
587808
277789
135690
451712
895541
636465
212364
942134
953959
865173
493020
390453
850383
160027
643824
445900
901469
372681
445411
856824
571863
200928
687727
588878
121827
500692
39765
945572
695425
526417
779614
40851
655021
919960
800201
839163
763538
845222
313820
704200
283969
109359
472382
235121
796240
304550
315349
102838
4505
580540
29371
254781
9474
523513
817473
238647
301493
307032
876351
449435
84640
736395
783132
185187
776558
502877
127752
440460
99490
27095
789102
631941
289264
114252
802983
935342
640039
285209
259496
624419
892798
632503
371782
419136
790617
827979
2082
744858
519486
818700
428959
246656
445774
703338
890641
440739
9349
896926
11700
542199
814036
673008
819872
585256
468533
907122
231346
647816
40359
143657
627148
783327
25163
250575
818591
68745
285723
541994
635426
542732
899943
930608
276909
780479
589683
437896
134936
222044
711725
118678
614344
519604
983569
14910
500137
958038
793046
884008
493604
779628
150492
973466
311660
126132
303575
458490
411736
329603
647041
29936
709857
223726
134415
621044
308589
894188
737616
701539
94699
122676
171028
892391
142214
981695
607792
981007
374574
202994
285431
575942
125634
917175
72489
499867
942874
720736
579982
279105
534063
922319
652750
489482
451809
786795
872979
873685
680071
897462
29948
813245
468442
583454
634348
253342
897238
994245
506517
397658
767512
806637
794657
678894
703543
659674
379192
392369
684693
234892
116472
622652
405040
513981
498634
403376
824777
649015
74888
602522
612488
611581
740620
329281
180918
872932
123924
6417
339684
661905
614291
156563
411540
651675
535577
235869
756237
89766
43508
76558
509172
745446
667696
10979
617043
194110
16406
231916
209993
352442
33041
544887
359543
457805
499949
721842
357228
634715
51377
820479
287783
206155
601057
457274
335712
277119
387532
354033
390978
931229
481194
729540
713228
291095
811955
201504
589098
156228
112751
515465
650640
54577
996439
926846
98643
583300
268269
509156
127461
140422
589468
937610
740876
497540
138285
899597
949686
4327
705359
244909
998360
191490
244983
713364
628626
219961
446414
69360
661252
4057
656134
907512
872625
193569
1096
326264
141363
487547
720483
182865
557341
461979
179749
839627
931610
588855
813669
388758
267594
458691
196489
6804
717606
192199
900459
788697
199979
649346
733222
981667
543577
903737
206089
876398
99520
518735
850122
810312
879280
224514
747553
331524
597555
244900
847740
964414
681397
877999
236214
926538
395782
14894
880878
74079
693297
363424
829076
184948
461898
813495
781871
360603
561034
844509
422171
185253
171656
485168
2470
931161
104081
817479
122297
399136
331530
917169
635100
575099
853229
621380
667894
277188
964237
780262
129555
427441
702731
751064
419533
269872
834137
370985
318932
782949
916156
520299
545681
973939
866624
874747
912576
621497
918278
397074
607464
402012
211628
850776
488328
908961
477280
949150
391734
436299
572495
346906
391383
726485
742490
420997
240936
73094
673483
708278
943369
180054
834538
398218
275009
735018
395303
452224
991118
516803
619947
987791
9659
253434
571687
123682
521453
170289
647416
564029
899223
91391
134765
818047
485763
534893
344059
787561
436622
46273
564795
104300
386177
757374
236675
474823
476432
941919
409501
230477
249758
802811
331162
247792
140392
329461
261212
119137
145424
426594
922459
123919
191515
405734
631105
851446
355532
565781
984386
825742
648504
949550
491945
901611
738765
11180
883644
911843
723287
504842
962867
683780
395209
987356
277068
661061
283169
517295
245721
539298
902640
130743
926683
834643
499045
95748
543462
587283
399408
470849
737263
426978
451299
658614
120861
751401
18067
467127
742474
753709
114518
279397
975121
85210
284237
113739
706338
684855
858037
569941
404976
994750
351329
950470
178828
913247
661540
986031
894057
339789
894550
836349
11171
614098
720386
638051
547784
206820
422390
581560
918
68182
92916
566239
853418
178633
23495
632961
800650
65746
964420
445346
906645
132756
211346
835049
58632
949991
308712
34586
775769
929480
671824
907829
963504
352214
260322
304392
178507
364996
314939
632069
496479
578736
717811
897164
819953
346196
386099
802150
652529
662307
819748
692438
606718
560658
992216
19982
836873
583739
227479
414066
205712
516677
180034
151094
544432
203403
356658
901080
974983
272854
495141
410373
110950
307182
539212
550216
995219
779616
453592
920861
490387
637789
756712
703819
736728
385946
300770
530629
69499
470263
94067
540739
59496
927781
581103
253912
66814
784098
994487
816430
922260
772101
317999
710977
779496
424168
64273
767030
490087
956416
48567
14944
499106
455056
166180
293497
814782
215864
892500
158982
224739
594219
757437
582517
502138
346387
525427
826413
385614
408634
2600
782975
653699
382733
417076
323059
537143
857672
228299
387519
699897
567417
691928
141525
26160
563794
953882
753416
207753
116972
676492
141693
85308
516280
206420
527617
747749
167419
666300
643584
308673
584513
52937
948539
719875
130000
350809
34514
858326
466948
22373
709387
7538
992061
632806
60536
28559
296461
352613
965496
535947
355279
374181
692684
885840
290742
579126
396164
358264
843775
895988
17732
385964
121375
36810
855855
522090
437460
187124
281236
141501
475796
616594
715571
613653
339421
431194
582457
778337
836818
978080
297706
59685
382780
57250
987876
876120
976219
336925
443148
63037
58487
525814
494196
690412
182437
887564
253823
923908
825868
344918
802392
184763
182510
62031
804611
601277
826728
433899
753456
459828
139137
650762
994391
324705
58460
937278
13111
646174
130353
943588
406106
653973
450045
220910
948098
133131
122993
591170
386672
799049
453798
598700
505965
387852
713637
698511
36980
179165
658581
374888
120867
721381
464022
341855
154148
510968
823101
438969
989891
224668
459108
959098
370266
598375
306286
505427
347554
410241
895394
694042
38941
945248
779622
214737
624461
927804
298945
250693
549362
872490
834364
676122
109978
581583
53240
215478
337069
918065
650145
376141
897587
412006
691480
307071
225997
371042
907946
828670
48991
711247
821087
257782
374326
676294
674578
69339
279774
582066
884985
897239
312161
434730
985217
520899
373967
81340
403499
649672
200176
858214
342173
503848
165425
481910
497508
955744
986815
573639
5699
33248
879476
865536
630268
674019
562046
225375
264708
978148
757096
554483
28890
736163
326385
807605
992823
147282
471523
845977
708129
617039
309419
605042
511877
660217
988590
189938
867219
64877
441605
19171
192778
845353
169895
62162
474320
865768
573408
863116
375625
870893
714308
74538
74843
542230
873610
715354
126957
421371
306762
311934
541482
813855
236608
796908
824166
551234
536368
393345
622732
751832
600153
88382
693493
706851
553562
841550
836572
634005
955977
79585
810159
94566
401967
418017
792647
262089
565627
363167
219574
246507
265659
635825
989292
178131
961292
926643
419975
670833
884391
398986
94324
80256
413239
707513
893404
701921
129065
115739
631871
556176
301440
517374
785509
871374
771302
584153
914793
304947
994594
7953
376269
140994
114090
275679
178847
882980
590558
36881
529215
986373
707785
35171
442425
714647
186006
761641
590758
560772
115710
610856
195941
896989
795327
80871
942615
275053
556226
137142
368537
878834
232115
145633
798831
648308
91320
502655
136997
674457
708582
121415
399853
655054
813564
509188
409633
112606
413489
626267
894976
192580
730582
293310
906902
759579
454268
462258
254057
313611
304779
184612
706112
120959
468810
112540
37453
545097
738200
880228
832322
798124
559390
863096
864723
455291
355987
686830
486592
905997
599755
31906
856659
410261
192603
877170
487020
367398
716248
823894
441954
157776
837740
297872
325409
383495
868257
693672
147314
614281
783427
188023
814472
47882
140125
936363
726363
837813
416467
706837
955788
329737
366140
259579
435645
243280
978265
74952
477514
149594
905476
608960
363788
619833
614881
812540
495735
362195
157967
197714
674864
526309
32836
987622
784051
645393
363785
659473
850875
114729
48126
182232
973295
883128
280639
185037
469705
278693
683711
87602
446597
402700
468384
396462
141389
281897
121784
682561
279376
579265
938529
568960
169218
501523
311367
958283
424082
580205
591128
192917
417806
174915
137981
672527
322431
221130
47855
721752
176867
25122
484231
213911
72779
219363
794152
544713
407781
390492
737141
543704
880277
843346
5433
649297
523163
535495
838265
960626
246461
664193
644965
391694
201436
476065
774524
23615
487973
972568
953924
174253
125726
689531
769287
899900
337321
217922
23465
536007
825892
720776
942824
327908
470758
400446
968829
291241
906532
692122
75672
794341
100012
166194
587867
791426
511360
857021
636511
366114
766489
920392
294682
384368
883579
10981
779490
610090
555328
953903
318228
509803
455983
229438
542512
492985
873906
7993
358558
700507
398456
444056
501817
458877
845675
129467
827293
947619
11415
119314
956423
862119
542941
389380
891647
712494
328675
615369
161322
28840
897729
756010
13794
914549
496739
418273
353311
495900
929005
372636
266127
755067
888831
334371
150580
342865
79254
183213
966871
268368
789480
626083
754086
304169
175927
729170
65767
570079
751212
13554
251715
17377
382349
840350
828510
501192
393968
635787
30066
900690
885902
881578
482023
561485
736235
403266
863067
801074
424743
110427
396252
698606
996847
107745
8900
642503
87620
161488
732844
258043
309735
730602
82051
529935
189846
146985
894933
316801
487341
524312
311594
837836
986470
352301
256336
106120
813321
63217
828903
501838
282050
328918
42909
591968
520884
617464
392679
580818
573556
633943
174847
684835
128351
515173
288944
467020
515691
696309
3363
828814
211247
333464
784359
871653
751757
133273
557745
889851
58277
487378
677427
514541
986225
791434
215577
78974
447958
119205
901284
55299
845558
570869
709556
859198
190595
847302
506092
719088
347172
8030
738564
799488
236579
518953
55926
269900
454730
272244
480623
381452
212284
239432
74586
436583
588967
688021
464635
235701
505200
255856
333819
338348
908687
660356
526303
462024
195956
801960
537047
983849
674569
310041
154794
258067
95682
698090
461136
785596
206236
448109
783909
539404
391582
86474
583368
972729
540594
283147
499638
857544
190930
867835
541978
124088
533640
609419
775047
387910
711288
810300
154287
323429
116855
586801
229791
517415
528842
907652
883466
899357
830465
364144
531784
16450
671247
5287
482198
261234
367885
918349
601296
228360
63926
242207
715512
479098
727909
825418
322038
565695
870445
655818
637406
258239
917800
170863
312473
271384
972634
749639
48492
121373
799232
356141
872026
353535
561441
879982
332692
513989
449404
675341
707986
668294
769676
483040
698342
786280
146763
616185
705586
699400
664779
107429
938809
444883
901706
889934
843246
904824
500731
183338
919188
565801
475857
190725
206958
378825
530224
102288
922252
155759
74899
199941
713997
24874
828279
695032
355804
237906
990562
347949
368800
350527
978050
311996
961007
508071
347042
748881
732749
570947
339981
462579
217719
137368
396293
900342
265474
769611
476329
665125
579867
355076
195855
109078
75967
978536
624074
124088
948049
129009
281967
160480
991269
126286
321555
781360
352086
324942
531263
493906
130085
243280
233528
969291
431632
361344
236223
825006
322976
147723
625475
601086
328253
263
969940
551417
400815
7474
795507
801084
388654
477619
50695
361536
294002
642871
543318
596999
330522
870825
542172
714900
49764
770333
348499
567519
829472
562838
298081
676773
282142
825040
768919
512229
402187
258877
870508
709189
38125
237896
188380
353749
926709
12633
16396
471480
729631
257037
117980
236254
79796
906525
480938
657762
490905
352055
459351
983122
777595
523179
750853
132579
639840
313568
154085
262491
166212
752097
397004
133209
341998
875573
743880
493838
89492
954825
866906
905870
416644
605395
945487
106493
790550
131977
150743
544419
324240
446712
550579
862485
547821
93299
679809
68382
658751
496435
399799
275019
894606
455292
398281
16573
402776
721936
962215
179999
815117
379386
545354
253862
718924
308709
535228
895222
888679
114307
350483
49214
98267
381967
544477
554791
36520
466081
164375
35907
787119
102765
359131
934419
568939
967909
389637
721317
986259
391260
175986
953836
928030
762905
174839
70929
361002
414268
948756
794554
701880
189046
112009
298805
27458
47981
503161
58465
333928
683460
838643
686364
174448
865969
203139
791413
598839
676138
305154
771947
334562
604295
938733
33903
650721
130324
830505
66589
447724
139971
508773
536357
935900
45511
137133
811058
685642
228988
37142
403051
621039
963501
394912
407465
410494
640811
68305
144212
309533
862660
939457
14466
250648
110065
44436
966009
847599
141773
266073
374958
574887
516390
943519
786663
176663
344626
644920
592737
554194
908
707566
997013
840958
314319
948572
703907
762822
221386
381343
270125
868315
688996
165924
415625
606907
926498
943965
826647
436235
243651
349801
381215
459656
119156
447573
187240
863526
735349
418528
966726
11273
664818
130760
848875
409164
215926
703440
654450
630712
915707
220221
123089
804914
331458
386923
50509
438435
881426
234246
546236
803105
789336
498476
28905
568984
531048
139044
271320
952843
63365
159339
249393
920978
501721
401834
366609
647355
374602
528817
132447
775445
236267
412952
796232
635789
1490
683808
70934
116398
645497
491578
760937
316590
308621
502854
4084
324340
250293
872199
867565
303688
183830
966811
797918
500610
684050
115236
184037
91210
880762
630615
298760
815575
533561
851307
177653
698557
363895
414879
322308
82822
78371
696602
809388
960933
417355
383395
801586
294199
135943
678588
632105
859225
29875
445675
230724
183026
166437
479236
492522
353558
245345
943272
549736
722138
587268
714697
240953
659288
316062
519255
720153
697595
265842
297926
555376
788226
373388
945192
578495
964662
789840
460684
596034
638122
572305
501764
186284
770283
949327
23933
978475
876016
781706
614788
343050
455904
655318
572731
347498
9712
829401
809455
28592
536420
655249
430418
356428
814765
413012
162141
321097
863250
876693
416762
972297
576797
816881
389400
138744
540864
210122
67454
562939
419134
436573
436346
547238
945622
936178
199745
835679
483703
568827
359446
505285
177494
451390
119222
927343
95148
215494
837472
785750
490777
244979
886842
915717
698538
671083
398536
458800
255184
315702
916573
328657
909079
965756
507843
368264
379620
856098
499289
656107
879417
871675
578398
121729
646409
16050
831711
396259
15125
956172
204579
487216
910184
295287
571611
483427
757076
528856
62823
27686
807336
907491
967181
155088
215730
563884
704478
645678
710489
65431
96212
242871
670731
864054
259568
252794
125632
173730
577958
616934
974458
137824
354625
870442
496809
454006
980824
290066
84561
809285
255115
435072
882592
112571
807835
587359
169179
779793
889924
913388
24101
589431
696986
796171
657193
144768
59462
695708
899855
114827
480743
628149
885448
683022
342977
928221
195456
984104
541504
146985
219701
36619
525983
260961
402374
7445
481797
685404
848079
150862
67516
954653
775326
380824
605480
478373
322805
890395
438961
52736
173076
233104
595519
595075
611614
52852
181224
495175
963032
444289
548162
853877
632668
706547
34494
748636
295154
924347
99526
242668
955782
401948
186548
119655
325335
429659
295501
819595
104325
14624
488813
846680
259370
657641
623402
796522
577473
602513
716348
863416
889533
806538
331177
825462
181113
188887
573181
804004
837850
537454
782658
822588
410161
272509
25206
220264
203087
467806
570986
946565
157028
228024
901241
347148
571868
119710
651803
179267
616353
911429
81661
75130
894946
127447
175290
877492
726611
631103
548381
213614
168929
801833
736023
328395
750686
64219
407394
856056
322113
484892
307348
504131
287957
554984
345509
427568
827895
311686
542293
951529
337943
211438
499019
639622
194698
383932
17101
901509
626263
144633
858390
417065
897551
542471
893677
332124
241272
757404
464279
258959
871150
13636
69206
569911
828655
994087
29233
208841
407591
792181
493891
84836
813298
474575
119725
849538
677121
296676
903382
40654
237391
689311
146678
297869
275146
207314
997675
516085
561215
782708
391524
482019
907321
925163
929216
202369
837718
285183
390513
837562
848204
335277
957237
22681
459867
115502
373031
380584
930181
785504
491283
319072
609902
93629
906921
709312
285941
85539
896301
718445
329086
181709
87660
600284
429012
469592
780972
621022
956120
563281
43367
682294
918729
242653
643043
374876
9642
126735
442464
233832
368106
809516
449855
573592
840040
173046
274896
976223
516647
205261
829590
329379
345515
471045
533364
624575
997897
173272
370000
540018
562299
684568
239100
819590
866538
298270
555359
955941
703674
775581
944674
351491
196283
710406
445632
82466
281281
880078
161634
641893
5928
115386
406117
161060
918116
982331
45488
8280
775291
200689
609710
759566
384878
891867
462244
145338
625969
404591
643307
619810
118115
939418
378590
375746
551191
733336
471173
729944
237044
670
135488
234684
206758
954171
916450
556482
272706
548620
158019
507015
855699
505552
445019
792941
122070
815385
978385
202021
269780
500720
116196
440932
866419
638715
969644
24134
513679
723392
575299
115116
547879
808111
101068
323991
615001
324468
685184
261714
791566
892316
961723
996831
842365
234531
713692
743489
27977
702048
762208
407818
148753
581711
329678
268022
598568
223925
170360
783737
862893
272383
269933
938141
610911
34452
700354
753221
112768
378277
116212
883491
34301
964090
849479
93565
609660
695594
455429
901422
588399
485980
748155
314330
827709
72106
449579
254372
64385
719086
51552
261415
972788
817530
906035
276954
609826
843225
141783
677165
69340
614287
71319
680029
510251
600249
265693
823416
222746
124508
534077
128929
787078
734700
420850
469606
696820
11341
145421
782729
261430
142469
623596
767334
346147
260734
637935
979278
125296
723106
306013
25713
480966
937409
282093
294224
763216
883336
295091
229857
441393
268204
346151
147258
198211
558346
802862
539571
81374
797060
598489
606752
261462
668598
660717
741787
155062
905619
444691
141804
958411
585881
492128
81920
479974
772759
550629
730721
2178
83497
458367
604055
466324
892490
654304
377395
671368
354083
344484
656014
498695
395975
964978
89236
41793
698205
970880
116489
932490
265533
644850
952350
679951
346308
74995
301966
503589
404938
562165
764137
694462
906219
731039
166260
391590
749175
229533
231462
55891
34972
956124
736981
302198
635580
780637
416028
736436
307092
932976
789871
740069
330269
612585
38900
267850
865716
557951
614020
401597
188005
354581
158282
28451
154176
84688
979652
629348
328989
559633
478207
231894
985099
647850
926376
126707
806481
86176
197795
25272
377843
594349
13717
640141
354125
104727
725173
88234
922081
813873
190281
113400
569719
330582
685015
578743
58166
623731
679610
22783
788961
78174
733935
596976
269585
308896
741040
322997
653628
948263
653456
403994
435009
206631
751364
612954
790518
971177
296236
787140
109001
753113
457674
276201
154885
600665
159799
767149
96388
850601
90866
156432
62713
843706
803073
753844
722575
984532
43615
206152
434898
272905
84691
825250
337813
497704
626519
227736
216751
99929
389781
648278
359985
654906
320564
322006
839935
917539
79729
457843
785954
886769
484568
254322
216097
196492
19348
717835
171611
688029
155847
378914
263992
32566
57163
986469
643098
11923
960669
298568
12754
927454
400745
659577
361130
521311
735395
784887
226644
923222
868586
748365
666500
535594
75423
887076
18189
618486
742416
110842
770905
907373
322787
269644
127099
921991
370142
279280
184160
632658
723444
441902
355587
2408
894599
841616
296335
300463
445270
830696
666801
280180
73897
868864
601575
192770
822482
912209
400800
316846
245015
339971
98067
905470
68838
642571
412223
230557
593829
416335
767583
617064
235996
917385
890839
32445
848581
227063
977258
162274
565156
872588
889174
343495
62296
422802
148142
265930
43009
727689
425142
294529
885624
919329
374969
38254
682561
864228
568381
149986
14688
403703
369919
669423
541196
368563
953468
213842
560833
792681
478804
729783
459682
140657
68896
359337
630276
89158
143503
821153
729812
486125
848241
227985
426235
101559
402777
491705
323195
266895
580109
75926
907610
420935
502917
208896
513303
50851
807053
300862
19894
831952
970791
467094
845151
208609
227955
859309
665770
38841
148840
686434
909738
93677
184745
620379
401995
804505
147182
951593
609413
872810
207202
69830
499150
190648
277174
298964
813708
897554
446877
89483
462806
908306
775102
912204
184802
437077
524375
522036
853579
476260
577351
544696
962477
664252
233074
364951
338248
656986
715573
629314
477206
214451
90137
483219
317882
418507
231944
65059
853759
627176
971789
403255
582919
272086
421825
22450
145935
146483
285277
434830
839041
487410
447179
644724
436766
273987
921807
272831
742872
101590
629329
385808
511907
485981
65055
978520
272433
562238
154266
872808
42438
763515
212391
449000
206770
188896
999306
175704
762030
979506
736577
846518
10732
863690
837565
967916
287403
833941
736361
77298
878249
778464
696230
185984
436870
428059
11637
458580
170183
674142
178923
918379
976391
993504
659627
888066
198206
136088
404358
579637
234956
539683
737466
813456
413976
39322
660491
348195
174499
775100
562703
701959
704694
520642
302458
772197
263186
61014
4815
680157
327703
954567
496334
675352
714780
572017
219265
929116
374604
786759
73257
984049
480807
851984
683419
192099
624937
697246
266989
635028
678993
574211
572477
204478
821647
992764
874505
735719
715265
820894
20040
801022
605075
692722
55248
192049
596039
597462
774034
291666
393259
28165
904452
330692
362127
412764
133335
317259
987240
867380
391259
550421
850373
451913
152813
500870
105544
278148
910397
110823
196856
666068
996892
826623
65356
212677
691471
503131
227412
444599
111686
37603
330646
328711
317164
34555
967815
394157
856276
586542
174604
754585
842383
737125
149936
761537
963135
965011
108498
102562
386150
272409
83330
947864
349110
822275
758226
228654
674910
84191
382641
611446
93038
991047
817584
91316
864420
935008
822327
148756
301449
181422
27844
272088
463480
271175
338861
464360
826425
168614
634954
895427
64934
117484
195309
938681
159228
554796
920278
814184
497980
811533
360027
862902
659146
399611
257522
573158
884392
934402
446077
355233
972403
169066
32759
120184
1902
566026
459618
227510
60188
334127
934787
284198
900662
906194
264637
303209
258797
265007
659204
422421
955886
182406
491979
820107
676150
717110
22013
601373
999084
799579
47106
933606
629155
636962
608647
458875
331727
891409
748931
189284
275493
375782
68187
413695
224822
505778
195766
912665
60962
264526
423970
54458
278156
514039
245019
663401
870091
392029
597765
101985
429113
392207
163805
968575
480929
175840
456134
186585
698091
976065
729718
791222
174460
512084
364713
154529
346008
184668
546313
935476
117292
180233
932311
222608
565009
840984
756500
879604
397033
455433
396371
754916
670414
31210
320360
988565
947599
663822
798787
901961
682560
562033
478091
868505
546413
409837
340262
374124
965430
927873
48539
104194
382443
279941
411006
454613
419849
631684
756277
195958
54459
338003
974429
483580
213187
953696
229046
884867
127373
709548
506672
726445
782814
264936
554092
245603
710430
266710
87965
444517
484651
177189
30624
693372
494839
824261
684900
469510
420492
561101
64980
558013
61107
864036
843621
122268
32125
891121
672497
783039
893056
802487
271919
123712
32193
941885
618565
519352
761407
6725
850956
44315
9655
626
104023
765286
400560
388053
843900
42942
16974
836097
999718
594816
788108
832039
269790
115786
385312
607795
868924
886141
949395
264935
302783
831590
800341
582367
354169
776700
85286
312015
735893
191044
577369
832823
464674
783569
256086
870201
674219
889254
589987
341288
355443
746991
520119
620820
371789
829962
179162
69808
247092
721457
977135
816305
575766
423869
588285
12462
273059
804946
529533
39270
108528
362502
488269
393508
612193
409396
53252
624426
288328
794452
180980
145377
442318
898795
334089
878133
11352
377645
42876
93294
416881
243383
402566
530110
951942
396487
641707
500069
818054
268335
208154
190153
453138
235210
584072
105523
123194
517772
488757
2974
379849
124872
631497
193484
497159
724558
497344
602638
984259
572963
942709
262015
541872
398302
462385
398237
360164
446263
54132
589108
838486
532915
844424
662396
902444
691836
460365
384445
198220
90779
279767
813910
665299
815465
627436
903287
234001
459385
628755
792853
516492
448691
129228
141314
439314
334248
612084
260245
728388
553364
410011
407601
734457
195335
209524
548319
237381
907806
920258
877433
727452
889036
16626
397946
171468
81281
603654
84422
658151
720051
434971
158059
407295
808593
846496
554448
416272
968936
418522
895188
390259
9176
634499
826728
534960
389807
878610
9959
758370
204867
592926
478392
375278
391182
71227
139217
25622
976326
478075
737666
204966
732967
979954
457890
333323
768093
168709
271304
175056
195331
659900
356083
315645
568649
106179
825824
957165
874250
312439
205280
97421
206848
754215
575039
384986
861345
494101
270686
145151
931301
865993
295232
9149
816681
468851
373641
710375
721944
663629
897124
615753
85801
913126
523096
243771
506579
618262
930915
412349
346462
836845
605438
516886
431028
948931
150299
630015
812778
912166
110883
319715
941084
90739
501772
26358
187436
993509
931333
963510
595414
819257
332961
685400
676294
537096
797422
581327
185717
732297
636766
710260
893061
19778
853756
209715
946070
667088
37986
863196
123473
164218
205839
512371
999917
774242
341389
119566
894162
546878
843498
160682
356543
647557
278166
970154
510918
856684
985530
973762
210837
949151
352310
333720
567227
69619
630031
241674
339902
579860
280347
590091
690022
207448
256287
950715
557598
352075
76014
515630
401340
223317
763315
230131
849270
782561
582254
952973
669596
324662
806913
317864
48896
787961
688249
314270
34372
353257
931899
710430
843888
340126
764064
24119
748772
135116
572793
924363
142016
954368
934721
819080
285001
406205
317375
912677
126719
77506
888911
129591
721500
824258
576099
68917
509400
623391
499393
708654
124682
107162
341635
727884
268696
353046
756016
902441
980886
589947
902609
193399
793944
93904
174027
35641
378783
282632
353707
753967
7286
990495
383226
309720
895595
514641
444988
723265
573096
620432
722371
210423
907145
988779
727193
350102
619043
445808
666801
886807
598493
493038
629517
153572
930276
200246
520838
205131
986692
77035
832757
294456
603598
72615
141953
267636
115083
84910
585529
252099
156926
877430
920184
527917
630017
668193
802392
528912
766286
120352
656257
709054
979337
433146
442791
18032
660463
781653
352561
575518
140749
837368
503467
134509
872186
704980
141975
653207
300280
451893
76100
921632
93506
47153
640890
865881
269521
687479
85177
57045
82023
203599
637240
82308
956088
707580
557959
298981
536342
290827
893460
653078
833518
439289
938062
323376
29816
571474
12398
3843
436829
863721
716534
44548
871259
748343
999927
853964
598178
776987
947632
707660
354365
204704
694722
860690
78639
452603
768161
473549
492504
2744
918602
567441
697768
2792
473764
798639
337386
779905
228453
929363
871531
841797
670902
671875
243517
218898
571375
169606
946330
321928
677496
263795
753113
216137
707657
495936
387895
222704
305705
206011
407629
914409
472466
422107
747402
92156
459433
621033
203825
563528
291621
53254
197715
781907
185994
615411
279150
280062
875791
986537
815961
514132
44119
505512
494082
394144
840937
386640
184922
659988
9787
157895
663399
499695
684009
683200
63892
517856
966910
501452
994863
521592
252248
526780
253582
131707
330739
950239
557473
871689
905344
210401
152600
990835
879760
41266
741315
999344
704273
348899
549162
295637
841211
348774
485924
528333
594810
131731
657420
953320
126020
583681
539060
533403
647521
21385
761278
236341
984279
834293
985962
112402
527629
39005
336100
679979
730468
72244
137772
514339
610083
597361
117666
607656
624297
763350
75838
658958
84988
774445
5345
116822
804791
726806
573716
625497
566421
332466
574822
915168
623556
616610
940432
546340
432197
500239
186016
148064
925139
111071
258489
144095
821739
27744
686618
757191
427119
909485
873308
65009
886940
781445
733189
64932
106588
598813
747394
459538
706276
124194
202665
795421
492839
864993
792337
629030
390514
73785
593278
169421
450287
560337
654090
632130
492084
486508
514724
346575
264314
482515
75868
924782
166403
977589
639430
259924
182573
530996
274703
235840
801400
528182
486977
210281
571066
409788
400658
176994
659453
850105
633988
934906
723166
916837
684342
264754
923364
657448
939290
354040
262971
444731
857899
679429
247688
711833
390844
750370
317684
603499
326251
455744
855053
597346
652139
495935
1517
313587
235618
193385
695104
968723
574927
451841
565501
179586
839804
201183
946021
38600
60
713773
756590
360492
177684
229443
843717
963720
283698
23253
156717
197190
908708
460203
978336
103034
634575
154773
247254
826766
108897
166897
636349
98849
485238
615764
45575
700516
271502
141839
105800
808602
734154
180536
602770
769547
741853
60076
933146
274200
181263
23725
836446
288614
41799
603465
92209
335820
794261
362999
701678
576763
33962
413062
803532
166838
476886
674987
16704
72120
568314
927303
494507
793324
701494
456365
106450
898476
200803
42845
456766
209918
850218
92954
78486
238322
5592
475984
942799
986834
996094
196277
94500
361849
575339
567000
74640
423724
611860
36569
387955
184895
348032
999091
992253
300274
189311
671265
656515
688174
700125
658757
623516
409674
264266
705905
747955
677928
664386
69865
620409
838046
323165
29858
763389
546406
559064
366065
138261
793360
420705
448689
642809
9961
639954
986227
249825
159269
606984
841890
359473
85104
57790
941375
840133
431417
85965
236786
381789
894053
886536
649224
415914
851865
388927
521971
654891
638890
564744
656507
355056
451994
680298
289636
215111
667081
623728
905807
873883
72380
148110
612809
894706
922112
66768
51528
355660
658356
315244
859563
323730
549839
328858
3564
390393
971845
400763
903162
236682
931887
843308
171836
117200
659219
916400
731914
452505
164481
432890
863607
674265
394007
358845
746811
144153
4869
776912
576891
889549
283088
30970
105971
27645
387328
588873
680138
483590
141495
595679
927669
764941
927607
111023
392806
443183
278776
140965
244551
561818
880283
904647
527669
302400
799766
640804
909891
793568
425714
547543
307162
148854
590877
416850
2246
302253
912443
520322
469692
428867
353861
986100
874643
493129
782431
414324
67616
564797
682295
328963
46651
34462
731425
95265
886565
401668
516423
372038
398601
450364
818017
680907
968953
646779
220669
533635
544834
722461
128052
218989
987042
109513
370130
150803
647809
592619
722795
377165
629626
162886
507933
232934
590988
705497
423033
238716
205400
855917
363172
41522
947952
917769
430459
503850
769843
638895
294602
430980
597423
500718
368971
400748
631805
630776
611837
340396
345844
389452
774984
865227
824943
253488
276919
738909
468872
577904
73003
982194
955902
184780
74714
280547
45438
247530
952154
161891
983921
683732
164826
158979
421973
469861
119595
331077
510513
708779
532046
618050
119219
735864
81197
209645
572508
797281
221019
302598
540852
236908
960955
794493
571320
620639
600801
863480
153965
792128
302142
902085
386811
96582
700964
685893
817011
941705
459901
534567
252704
173395
310244
707457
844522
896055
831820
79864
46530
459876
656957
334119
263759
360291
210176
564686
95362
446293
702879
687237
663172
216368
303141
237858
533880
745919
874079
411503
734845
521031
578533
15755
265152
301522
123698
25203
697851
553458
988485
881535
499306
928742
496276
909141
480192
473425
187563
819810
999423
276393
263236
74648
126757
92761
613357
341765
288312
100219
774736
37033
981432
748835
916874
996127
157191
568431
377064
599144
364761
198009
144697
291138
640930
358681
386612
26258
648972
965668
518374
648474
87525
913588
573402
299341
973556
98614
917775
585770
493216
588886
675924
978796
933364
292815
104453
913784
661127
181832
856654
903712
96873
538765
776355
682021
675057
553473
889763
869612
504900
37094
508064
587646
418451
2390
515519
812602
409033
760277
599380
774193
716965
916505
27603
728489
955038
58150
169227
280003
374280
433241
583800
691354
444029
17112
568713
644723
101905
267981
733552
802522
329477
748589
535137
619051
259635
436107
819710
507740
821561
689841
667082
250981
851934
351184
229357
582862
834846
422799
397213
681242
524471
509243
61595
323758
562469
264919
920953
933246
207046
60893
101865
402678
51604
980610
812655
70532
143185
194457
222986
417938
13213
558104
378863
927903
824266
539278
375459
169073
199725
851353
262058
684881
108003
225855
360321
660918
10720
877670
451659
637022
729126
670429
422301
345349
359005
945985
595842
149534
148236
407733
874982
791485
256464
12356
791406
306413
818930
827023
370361
797173
241268
777287
213466
226518
699338
431780
990315
516443
391201
130464
913962
593119
836568
478855
728158
378031
190352
834872
878627
901225
692386
402749
121390
119287
893599
803504
834800
268918
121236
79974
887060
482190
231057
821155
764017
574603
113884
265293
908444
888000
735001
279800
615323
100634
24119
647113
129101
68293
491149
755859
545569
670160
834203
545857
885287
674597
824872
150276
955940
64942
158369
784665
972614
435940
99548
818824
448227
311983
841597
748336
957589
663898
854258
902323
248031
920923
588862
211393
340533
702740
268886
428433
524896
457987
268525
484392
509888
397523
885686
327790
959086
800831
815132
481729
48253
539225
727806
19788
977881
72944
228229
14521
626119
856995
271801
925319
993005
338888
263093
810619
129285
954528
635398
126654
961708
56736
10159
899340
669746
713734
593031
376972
288931
254156
634932
883244
800589
477583
978710
29557
273095
720568
20022
858965
741324
913404
242322
608093
476284
207279
462393
47548
275783
205734
621098
738819
57799
762078
467734
341146
887223
908221
904976
199294
236967
482657
301413
462866
3026
928258
617827
533882
133070
986650
165338
235025
685899
190780
914651
971051
514305
460092
933847
456599
91260
307078
635971
642930
153776
262303
774332
544874
845563
568967
776485
949195
259059
594631
604047
380910
236550
133459
803652
769968
952259
298463
994623
854600
271112
182014
52442
943466
734045
888048
961763
161462
887079
644447
851548
505277
486810
239275
20755
501222
28850
217691
674324
532810
405312
789058
448377
618791
171351
206922
987647
59585
310005
580622
591723
330316
74460
763823
658161
712923
727456
488140
331209
969726
769435
637821
