953131
16136
664636
272766
513687
29740
772347
155660
689663
55590
345801
882799
556284
392435
220868
748482
718627
660392
803926
421796
210120
819354
608749
148974
735023
787302
886982
332143
236711
949740
944313
274256
815717
843903
666130
979377
226624
431611
220436
944061
989205
2217
582099
681628
392622
476140
368050
239291
852841
628877
824757
483620
246801
125651
979186
526558
102534
991032
591050
888713
561404
966999
785071
287695
352453
796087
473951
752087
786166
832834
670356
275374
336239
47692
952767
839412
203512
170189
933057
685108
622278
418251
215353
462111
411610
161676
686262
568900
166888
209635
899424
284482
134859
144164
177479
960524
495760
507401
139800
405375
775627
686394
740544
458056
279409
645383
34086
593541
537440
281055
707874
183320
122103
234335
540172
655536
466818
678190
991457
699961
979322
528399
71602
314998
860408
461004
833391
348978
696412
752977
490372
363577
562158
147050
86735
840106
484712
364300
559528
592853
310664
559082
642505
51474
135604
959213
726080
104734
863933
820415
429356
870957
942334
178503
421365
318844
33346
342253
655756
738760
846662
246311
828813
36873
414870
345741
529535
794728
37013
158836
157215
334057
351610
502785
719737
798289
709082
263508
72118
206391
605945
584488
982634
164504
388112
260407
937893
321200
749864
430832
461714
30506
635734
147353
650628
103304
805621
85719
545431
422988
358230
686383
554252
311300
720696
632070
157905
958969
119761
300628
107709
927554
529153
434968
613082
635090
492737
668581
460481
1967
939430
769424
429975
729059
982566
663046
7408
660258
146603
257994
261582
376755
257496
960201
843926
244491
34883
508401
809280
793240
729303
556625
74949
270871
916746
117292
679812
322979
948274
228291
500888
115533
753209
937883
638897
117666
226258
92299
785167
330731
287879
280905
828316
731400
895227
902282
525960
105773
486516
173997
290842
225603
322837
547977
105149
986209
92851
782224
208329
138381
439813
190182
617750
527668
530046
357283
290477
236988
34320
821726
422582
122628
289889
435631
311354
206310
739477
594800
604985
668458
764380
605288
67500
446377
262095
190381
75798
635343
975917
669374
207388
842948
699133
555393
537368
753731
915995
245802
392400
714299
946334
232369
812079
580429
690454
665657
2142
837835
398797
811088
681107
434308
688540
196161
338932
947924
530509
355425
652211
526152
784734
28292
924028
55403
632021
533795
705595
121128
849477
142934
808337
836215
121816
11948
98739
924109
679646
149437
607962
607060
318297
662495
152190
156104
850037
796943
353934
595658
772221
465451
562835
731986
697138
776860
215216
290426
740544
440674
143706
801401
345539
518360
350945
265206
939083
232415
814089
963293
450570
965270
797598
967163
675232
982146
263754
279988
794015
201355
915998
288245
570959
237764
795893
487755
338519
408913
397152
842172
815090
758156
734719
389701
867375
221568
24768
116482
780866
20247
431816
217073
779803
68941
199074
490387
734345
295616
531622
436377
356952
850604
513237
279091
215063
829623
779017
632045
699160
389644
551012
451883
112978
227195
72303
71292
266694
903424
878054
475053
537851
603035
114281
94965
985005
199795
366065
34942
916703
170858
251388
830909
97910
450800
340566
798446
454535
282358
746764
444963
899141
979200
188287
99011
307302
523488
362114
553691
751857
159853
761280
191039
631356
183172
600901
979693
224143
303614
359388
781091
766160
561044
560779
1385
912295
827695
569925
982235
956188
292589
351732
658912
