148394
153843
584110
904835
113443
55455
611295
151943
501289
530831
685321
142262
183512
12838
678673
391651
750826
24545
965078
634718
500461
658880
763901
651790
941576
330431
47699
475316
756815
678340
835732
648135
183483
979742
903040
779942
905019
521993
282991
801496
465517
672210
539757
685790
635405
82656
613028
918748
407440
457360
57760
547205
982072
965590
802916
946739
236285
596410
499349
212403
838340
671058
532075
786302
593276
770317
876571
517233
645856
442744
278773
415276
743470
119937
167558
639911
412298
264364
838044
861247
143412
616387
419759
884879
809346
608985
347476
50395
603075
732569
746376
548817
703939
909920
422742
942235
976424
896157
583411
638394
573794
94463
656362
815823
450447
926691
817227
7673
974490
784641
985771
129550
913004
197618
739373
996585
58545
583995
309653
787701
828132
180216
11351
197639
25263
65798
339409
125569
228002
828981
741573
524598
924126
899242
774893
481987
223696
287839
570975
411498
991758
759706
845409
595805
350948
570453
950561
549872
480075
432583
746164
960089
813777
886414
368833
929671
277267
779849
591542
613369
487700
276215
199583
625625
465402
691192
709651
593110
509002
51265
219213
8374
979987
915114
662206
936326
939686
217049
707416
527363
975479
50487
596452
568769
782868
592329
301509
106807
88005
99815
589952
253596
213338
594599
27809
370354
728899
146245
512987
132277
881647
335200
911249
155211
799377
642073
19322
887303
159765
806216
117688
34484
16299
130073
130175
587838
965961
635599
732805
921906
424070
459011
509943
286363
956494
967496
747626
306155
190691
373071
688109
499815
660649
618090
577867
619998
926600
785264
860503
922465
979310
723938
200772
499738
797729
543478
986360
108320
560468
760834
869976
354538
165961
574809
818465
685124
712778
556595
954797
46754
324936
671904
997751
606820
97208
273433
635423
256646
900910
769434
434968
547478
93948
385837
167370
469837
781222
514826
450734
134860
565387
609935
470672
506196
757011
987953
81504
703744
849320
732597
829755
940712
800093
920792
282737
214615
511970
68047
471956
200285
904175
261375
48959
642659
180846
728600
35560
682233
301604
200005
723414
244126
487278
303326
562007
410414
653644
317946
409844
909353
902376
389187
711644
903180
273732
238441
322092
705667
762979
163370
838752
493362
477073
536739
249616
728059
886202
940631
545476
5066
509790
187317
440964
26068
767448
43738
394335
392243
550510
209186
436614
811364
650968
385462
503886
991021
564819
767633
538320
228981
574095
536770
969936
292986
403769
158084
15574
809972
844095
365074
224265
817886
638521
708865
531091
982520
426291
594977
662358
60750
956547
764488
911127
884708
980898
233783
324721
885572
111072
136026
906714
12647
914320
948510
147894
930281
325339
804932
508674
919814
283639
652931
993077
246654
776176
82386
441983
820553
989626
887956
927970
889564
473714
645433
766073
772298
408379
438311
76703
359176
562031
682703
937141
574534
471211
267188
271645
374017
158058
72013
155896
484844
117134
625038
174096
320420
485169
83265
830897
217902
503630
620872
203173
655841
765327
539894
794523
639122
760947
507529
863376
125068
61307
862193
286712
963753
377904
369677
953113
498796
577904
580424
18485
867556
187506
423527
177611
919519
903874
504601
539765
218376
807339
705807
719950
723824
908475
851820
602361
836812
416623
669258
39168
788421
334115
887456
300828
661797
604879
29195
682326
38256
975834
875979
761229
948305
134763
226042
389631
60036
304282
47515
232756
523554
713635
330684
516209
104128
828197
277095
134607
116580
24288
606686
452107
822216
928587
782093
717346
544497
572027
414755
102911
285913
404550
157905
642216
71913
392778
246894
627946
435397
342469
371035
466861
936050
720584
914354
833246
266920
535432
882632
524919
415900
791488
438381
405747
724998
789328
354405
355199
995625
904570
17413
646547
138020
416617
86070
60505
460440
120708
628469
543719
958122
187086
343141
915340
519553
71565
737520
950476
939203
286190
222454
886000
227065
190255
215480
4734
488651
702438
817707
381453
758684
553436
218135
887805
953595
966913
555271
858154
555566
720304
217290
638256
641891
94015
178078
797886
439230
499140
64329
492537
871606
7878
396191
264394
525988
437966
520984
962591
284956
624765
317155
97646
507893
544826
8293
227008
627117
946235
910318
366559
783220
609393
691410
72081
540245
627110
965025
663177
713462
47141
706026
150029
30203
713093
251113
207056
637528
387126
815233
945368
209660
202332
652788
877177
851754
251804
667140
966820
704962
8433
941375
761933
846682
149494
611587
799611
94398
582858
409804
367656
355480
1138
856635
663488
888794
926803
425037
795853
769220
980959
358143
919168
444005
849236
372623
24035
650360
491770
822651
739815
40673
361511
975268
473221
172776
415998
259776
874510
396860
59434
643634
504145
950233
155539
883878
669243
507586
173256
716757
680245
619579
50481
968451
27586
767446
75484
114546
164104
272511
532957
268490
281902
736715
905020
702290
600357
556119
692515
474013
403234
790455
181920
861650
28083
502597
702319
183030
515211
462732
586786
215299
42434
788763
958726
860214
517698
136317
582599
95352
829465
938704
635947
153084
599003
191220
493449
653490
408720
799196
962452
605961
166916
526147
848926
12691
12082
852515
262540
501027
872200
994705
293749
807563
103307
277263
366870
236517
459618
992117
298091
335678
926143
791041
366281
46602
711346
427350
347135
438498
725715
489355
916961
564893
871787
182060
506723
249900
198172
668105
735994
675871
47156
639109
870814
106625
401678
859116
837764
404632
990619
300731
819550
889591
907611
292850
711684
140128
162225
497262
412394
791957
949710
92458
782029
629220
497028
682576
117110
712154
191330
602116
90267
952651
788608
248382
559151
923878
846885
643968
285145
976244
263716
487154
434793
803033
88779
213908
240931
599324
116878
678858
711446
994791
433237
662214
224341
672754
114144
701000
622286
687012
246555
602673
368278
742954
128872
309745
576614
184313
24371
995981
869342
986011
94356
833515
337728
687415
458892
900548
345354
636055
379410
740390
975185
870795
573109
575782
303717
527723
823180
155611
943167
954884
820901
619183
49448
256097
227198
467841
35810
415578
966622
827613
139515
302876
266575
102012
25244
376428
283270
523422
412138
201543
265440
350302
259533
865305
498476
391798
559171
948717
335847
642340
215119
990479
693899
912760
212705
143456
663662
64281
866791
852207
193657
58240
564348
128228
140224
787252
241847
842063
949387
377844
102340
398595
121833
266041
812395
790267
967802
338873
283447
61734
648884
110143
225668
381333
444957
656092
602868
717800
644826
492395
526063
258669
71684
509664
649063
753098
563959
660301
576453
575338
973063
37682
387957
687949
309713
10710
434392
893581
947305
687584
272035
68428
410228
234453
600084
569983
93066
435986
522211
54421
49852
50558
423022
791237
489746
903428
768868
981176
576563
652142
520113
994163
646097
181706
695081
391785
518327
964903
715024
925138
57360
25415
59655
508646
865383
665815
490893
152762
286925
881877
878551
117002
563043
451096
721321
156830
922517
888921
123525
680886
731373
96159
659745
614974
853738
413968
495369
476221
212023
36445
185988
196777
434818
495897
778181
964032
800420
41796
284588
859614
34488
690332
614848
601177
126782
248255
317336
536620
36178
469377
617947
434064
156709
771002
900217
110600
192373
159603
722007
666238
14130
591113
343028
406086
897846
699765
606627
676819
446901
983510
392474
844868
752941
485806
734448
13272
710807
278517
634960
16311
668243
72599
684955
197436
796887
221597
600555
407352
351059
744137
72217
190747
576761
721054
637282
351229
557901
563738
450099
283493
125354
281037
667725
845068
679799
145718
45782
635822
159160
716303
90448
536687
617628
744898
540616
686565
576574
187085
602927
149819
99399
737767
847605
473220
8533
81447
694974
994215
884947
144979
112359
194286
46581
398156
828939
899482
441330
995353
561011
696985
808620
826260
535291
640807
277978
256797
901096
94893
265219
595787
984261
613384
422762
562637
491331
843813
824030
2897
490927
932075
256467
75658
77218
520219
634830
562976
995975
465225
885598
134249
910031
588527
322827
667776
280576
679134
878594
693710
888350
781385
399923
769149
478890
228197
237312
848507
346489
554316
277335
934390
694501
327565
740670
18357
738123
708692
737344
857451
182183
656969
731154
755816
729448
434292
4550
221747
754966
511818
177801
292025
221942
207840
828379
387635
97103
532139
85307
469439
307640
180799
196174
712940
643631
810588
912093
596094
473950
868547
242307
855315
923100
754687
545251
718235
652929
63512
552486
423640
681737
979103
492928
175832
152984
857927
60953
81455
493847
204571
904372
442946
684435
232013
200401
498128
770397
166244
172898
525236
668858
436788
851094
526588
452165
647031
208768
996344
642821
291398
858355
260771
691003
732628
418174
565966
629734
400697
670800
707079
463255
866354
270917
271192
840247
289742
513326
795935
523167
557233
213743
635689
2309
837301
775595
484944
260283
797026
105499
715847
943826
707534
691463
927885
526606
13060
48492
534802
439389
876994
554514
892776
967319
637998
395259
138061
980134
826209
521224
489855
710892
735475
468232
789685
424710
485375
425746
452980
187539
849443
680350
772088
183106
890694
583591
168636
213759
452999
637392
373926
339719
965713
978311
465372
533241
399981
381870
196577
694742
149421
645723
616876
197683
66623
19271
632291
215206
301734
353922
209649
744212
347178
69975
377238
956076
683757
396163
178978
35281
327516
68570
397552
897186
431544
980755
588390
692524
797992
478303
624886
504336
108789
475199
652183
855957
934383
373693
454088
809583
165679
386607
490155
203177
598580
91882
980238
254560
177511
373397
29355
295751
810856
145534
308558
802242
763764
985777
272941
953573
954744
487639
924870
402922
408937
45339
952211
633347
159850
134450
648973
74039
212036
347721
435734
27275
41866
589210
89038
447940
352947
233147
130447
61368
178080
756421
644417
903839
906202
355167
443479
832801
194452
729977
216346
301558
391690
789232
502537
512599
632122
205498
25016
193082
758249
681892
85315
133272
265541
933452
685445
652736
495001
911082
7355
643320
520665
608381
331244
797156
210670
2889
202233
448498
678594
506816
679396
143408
882234
908339
37278
979198
4796
836329
444761
845600
731572
279037
376973
661252
820438
634642
316089
386738
690430
534033
537069
284709
467134
396509
612270
352474
196416
594467
543669
462461
595961
402055
12661
134954
58888
106354
838058
448992
941015
749311
984998
148094
194294
748016
388254
886471
28637
143866
165202
912016
173228
867585
379486
42894
833204
250415
812692
210111
283908
289083
241878
749595
436022
136385
293017
239707
823857
387292
727300
576351
406067
511739
313510
569074
100311
234390
995860
186113
751618
985390
882123
166976
861115
457874
760559
411610
500997
74640
65590
33628
949959
640987
761382
480596
617475
785170
922996
485670
71524
879399
483105
313867
869098
705344
633292
813784
43794
677482
976016
487934
939061
106376
185284
83875
982752
241333
337352
682992
257108
332323
655487
144966
46284
469653
339269
441359
844527
409118
311166
390210
471116
610896
90799
226808
994271
181631
715291
468354
644880
854815
729973
464864
454756
692258
695752
79786
579073
419590
341891
879246
201970
657277
438153
773944
815027
254597
865037
130448
579811
847203
41322
994951
530472
123248
93168
199417
851098
110552
759763
953008
527340
742840
688105
826927
756364
23011
661680
763793
293760
421657
484845
411820
62337
616827
45730
762936
36004
515265
196968
44694
519863
67413
444678
325077
724713
492795
348342
237816
735515
552464
891613
174869
877051
687426
195917
524196
239690
884033
454650
207213
654072
889453
443391
680696
585772
124136
673056
327773
902320
599629
270660
229233
941412
974815
971125
159093
110238
487764
901068
109873
178380
366099
945310
729329
470251
260977
659582
593898
455316
454602
182211
878740
741248
135396
85925
314152
557735
379875
554479
113938
641916
393321
432913
892841
582323
23560
854071
120080
821765
355149
551927
395237
508292
35693
112529
860371
917313
806799
546534
948318
912128
526370
727751
556912
743488
739003
645553
759675
222792
805915
611082
698213
340224
5576
790331
213119
428250
32052
206134
20509
508882
810889
246577
212956
583732
614738
333104
981333
341302
617588
963833
517856
282376
468431
640651
629248
685477
347107
732453
909137
967545
74574
305169
99397
433464
839840
414907
225774
670601
65822
528069
593329
919208
969492
980286
51410
841719
329466
784483
257239
568614
953287
863159
166735
840650
658390
22326
397467
229669
891614
605483
457317
244244
230910
443882
724768
609976
251795
702193
682613
817179
360730
775194
494629
900979
897644
224751
653825
663969
927838
729253
575329
38502
972777
809968
902520
574313
752073
550776
69207
392001
25916
22725
57633
643597
33273
261667
843661
995965
266518
47973
890904
802694
533260
491449
895922
463556
760447
515151
269696
629240
829424
75021
890285
978127
326344
734447
937474
487067
488829
953924
627881
569904
868868
519230
953594
942407
599138
274997
467564
654662
409135
886431
593763
902937
388736
927410
875544
180292
75416
185882
207739
382870
676036
258789
815608
402115
740770
794373
321144
223013
286615
579750
560365
868417
358848
533700
981517
105484
760638
468832
41532
649371
965916
679811
827732
27013
332276
473490
670284
129132
363501
439904
580210
179682
614695
706987
121727
370704
706393
592274
408358
963223
738444
470081
656596
653212
910327
678725
600608
707436
672684
558805
303547
392565
894658
757398
186546
673592
624806
651422
792657
878620
196622
123655
227116
221842
734834
798081
55551
593630
185900
158090
570699
289081
213610
474008
80705
774150
981660
498358
308240
905971
643932
329269
725773
170680
692915
25912
803306
337208
754783
76454
589985
270492
154426
284118
735430
448062
871223
762931
38802
282999
825860
913675
785959
545330
602280
268901
740764
138543
894418
748239
862928
352158
433577
798934
653896
904426
464397
947493
772988
293681
17064
455508
387800
593676
54488
134905
6133
780625
711819
587484
169012
701453
314401
525092
150803
211810
79951
418624
116257
816206
972030
226397
322750
332834
934502
699904
431918
605739
269942
267981
233076
347954
813410
761817
989469
924736
765281
639827
394287
277814
406852
444916
784281
371128
546987
683721
18281
799174
247229
803955
299491
692681
203705
980645
119589
888538
372358
510928
785894
887964
427189
405762
12445
365565
584801
520230
75149
818065
652343
845211
542758
238845
618306
371756
900799
30326
277413
91127
713670
128808
715232
490854
485717
228194
200129
320886
846788
732802
794384
724252
815083
624796
981925
272252
866325
890754
717776
356174
106284
174284
973134
159265
389177
74982
191162
168647
180606
188646
278210
316721
291296
974605
39815
83375
921079
543536
533878
428127
816890
759649
246474
893655
806408
545571
73865
504259
648295
303967
362038
180077
352149
23997
233058
272169
487806
501907
259792
634432
734048
360560
9132
19654
51146
496132
736276
126445
532171
762869
583353
603705
65607
188993
345446
345690
343986
869948
388018
74595
725231
970736
405102
858547
23200
249028
680554
331605
697230
627501
239085
242592
460099
119091
657806
425516
948338
823851
358588
964078
800619
965446
673345
893222
740897
884991
614010
180068
947943
303097
666898
927499
976620
374675
109296
409646
404956
839187
530876
831759
977262
562384
85793
751121
945300
403942
666068
117906
715302
849701
343649
624465
855464
868947
250370
348382
715204
648028
487660
8415
478209
101072
786257
922964
357134
475287
556901
882590
33493
142142
696825
232011
199063
148584
115872
462317
115591
551019
27958
342699
571369
573390
172005
211008
13341
413340
590514
629045
342045
610428
450652
869287
872603
237626
120351
38139
388768
514179
47618
950590
595115
440892
378233
685092
320876
360833
459389
355276
726379
306962
139283
352282
359054
763792
102865
519536
856264
299401
243977
807697
339841
636590
816922
26212
853948
867564
684381
351249
478515
92268
49149
893250
651111
842905
87952
175692
942412
267007
307778
741944
232176
666779
722952
640919
895202
18155
873955
814313
909899
843659
260274
233897
969764
474200
197784
98937
814436
823829
755656
592857
630097
373071
500267
503304
52998
232562
617151
989906
266295
12800
48822
400500
998210
193456
913662
914429
270461
566387
623961
250308
501091
991208
494283
329352
791153
760820
884138
70474
440937
291998
415802
20920
286285
962999
738346
560176
261534
821828
68931
118404
189383
536060
471685
99827
161872
671132
808775
683421
296443
332225
542523
589830
956912
334947
432769
836249
824802
129762
50336
768419
858478
786966
829035
647291
192512
174514
740582
830107
788363
464436
897076
704141
500280
495009
153566
274221
272777
350863
378806
898584
995306
649316
765646
377111
485545
645347
460640
990290
89888
938978
904179
732191
711764
231060
264600
227444
607925
55449
857066
338357
176421
39416
646617
512627
5875
236992
436074
928350
988483
427780
118458
287907
859558
988681
890407
401391
533871
380390
606376
236618
250701
550950
793830
507847
594275
133593
581362
101308
432984
258433
258008
813210
738147
931055
513847
98708
15491
978775
311988
160460
53022
689057
135581
632614
250369
685887
330610
674871
135079
504736
928706
842628
40586
763679
881462
596531
198597
348880
879496
754161
275070
896446
402932
395226
935679
120319
741430
903298
75243
227335
434036
802291
25971
854598
118622
287965
158558
202738
361177
216563
82413
404705
638667
372174
750717
845476
565348
640128
475251
495781
70679
240050
877879
943152
752309
432026
197226
357850
598146
812455
973008
773793
800377
565134
80797
369065
588616
493417
258417
277807
893478
840555
603461
883197
243984
72365
374116
533966
24131
86513
466476
710862
592723
411482
739037
298906
859511
903070
540331
268420
612712
426351
696120
555460
253049
981045
483089
793736
671188
2290
812285
657439
199068
612731
306515
588005
900897
369523
488892
670254
626954
839001
918268
185200
746297
224564
721345
674156
376966
158905
858849
286713
218957
282090
657172
86778
116737
96776
954055
155416
216510
286045
55016
275705
521628
337845
739580
202674
745381
117846
543889
354637
381572
756172
821767
58273
852574
660207
515108
869387
214068
778211
291591
248128
481568
762382
526094
260047
297181
422925
983194
508546
906095
635066
655384
66450
660860
226301
348109
55192
342096
219593
14049
915713
633290
146094
436251
451543
934365
812532
756899
582296
571079
705215
994341
681824
161800
803652
976140
221998
350215
80816
618115
493152
874618
817355
874226
34153
556114
894364
158224
965434
792799
329895
349756
438050
363139
350083
663882
948335
754302
178765
220947
100575
645687
398284
926152
246034
945538
319522
584568
84338
354386
170714
873377
926110
405341
968360
132024
505174
458558
322271
941405
54565
510180
138177
606182
600232
559026
833783
573613
93084
624340
985124
345472
68083
402216
153753
753737
960486
706126
280293
932416
430354
715331
266159
680740
175447
701800
909654
251497
166965
750002
282204
803678
201873
320543
803329
533992
641523
58182
247675
658026
886178
572268
322508
270581
257908
313846
263959
386200
927880
122769
435314
285257
483939
478905
116602
10023
871904
180694
879318
260376
886496
366370
20022
471266
209475
117292
121820
867100
125121
626452
262036
274890
431686
463029
351625
13111
610220
97827
57071
994468
350143
247109
755426
810798
123404
793478
924741
940191
260865
634268
247007
149219
520521
778372
115646
37080
317189
24664
507338
785316
579795
558506
84520
916472
728989
333434
163775
817568
830747
218693
336126
965189
393150
339237
599615
836233
952048
52478
832566
731054
981037
299905
21374
510994
496122
847546
142177
983972
876676
7296
799905
328823
241811
328366
839419
310663
749742
794075
26805
771703
416765
208183
290079
491234
158959
223549
399036
199602
328452
997057
948448
16424
17998
937617
826618
460238
489518
24706
132154
474824
288731
917235
608314
600408
179176
983709
950735
848739
239657
127568
134306
334975
608064
121881
163114
181773
47224
569828
516708
183295
887619
956866
832963
160848
57059
646675
638181
497919
723645
652945
822622
455967
824176
587676
775143
997157
620188
548909
456501
648211
495164
153841
820861
392983
48487
214825
112454
226641
214533
671390
502645
710883
612684
228310
642466
493037
956201
745420
441267
265471
713258
872446
78615
829818
303903
49387
319780
893792
775374
825711
453983
344499
200669
228118
899219
364250
579096
467523
389870
725285
833490
715647
291628
326556
852635
17663
878599
243765
654481
674508
364760
81271
840540
886926
277182
261650
544571
650342
509769
566525
740433
976317
81216
868335
24517
632860
627639
421449
846682
208005
65624
559336
907374
832892
760851
352050
102242
537414
393740
807410
994537
473462
856182
490661
927497
491162
714834
565982
144164
753695
145254
84183
222582
697864
23571
159996
258098
973155
335924
137207
214414
54733
160641
435021
754779
519356
4038
605032
726204
234505
442797
63556
239010
702638
218723
629325
465844
98580
452680
384107
283206
92663
367295
233227
958648
205571
207349
65542
420229
10684
878254
857289
275132
156215
603099
531799
453064
394921
895181
364735
228177
324804
399331
299916
178901
487788
816178
960859
571777
937086
98001
280160
939877
902289
897032
845399
722336
81296
941091
629080
867458
542668
871300
533830
719637
532556
827301
884101
637910
837288
687177
534921
535234
79828
459378
560638
451310
876129
225275
726099
296837
449655
114538
56794
525161
929281
505356
95179
652701
550046
571971
689983
338884
673758
513403
771203
754216
111400
877096
344456
699882
58877
611259
616604
162419
7540
959351
740876
684511
810310
646823
569782
966935
407210
715013
692194
198124
967763
218151
149326
636432
715208
959879
906722
6764
757713
223151
781195
2503
241938
893326
898809
71942
356784
596905
161589
66829
261617
172173
913341
479638
493634
698621
693048
675347
252159
296432
299723
475406
805873
906293
997099
849537
846650
935928
812651
109818
257866
623791
199894
411794
227260
174252
131955
151705
98921
25161
391972
840845
397512
312016
346725
14496
198124
204024
351600
436533
649313
470880
620533
807273
482311
180650
297032
66231
525680
834272
155858
117330
567751
268429
489848
914582
254613
93503
786064
1502
282325
118803
167340
797258
532977
588115
89219
742151
376458
931423
755286
852036
784604
751668
410920
752616
239990
222350
26529
176241
838977
750526
857774
899125
938522
8225
483576
590560
40426
178556
609034
44808
89230
227718
307380
345923
273613
223734
86934
209524
171048
233863
738280
566183
570844
251174
951326
208127
662485
588298
729281
164974
375391
573574
93315
461439
521796
59017
80397
706010
81701
708197
164578
74643
984818
471538
775734
493037
954612
836972
533799
938028
257123
813609
557188
669071
480319
465242
444831
910861
986947
52728
46554
579768
739055
206492
41281
571571
201998
73256
556742
205118
359185
229051
373436
10399
846869
439166
532204
961045
808947
156080
504818
766627
192936
135375
228628
817237
842336
744978
916809
53669
101615
795179
287335
976587
818974
381922
192013
512850
547462
144968
128522
79496
357733
922401
742168
162487
89722
106813
305590
880859
919406
467275
993867
289858
233695
125533
166828
63356
286748
837143
634301
423421
357955
110610
549005
908635
781730
300258
163410
116048
949802
17881
960112
181152
629905
224293
15511
676480
660854
764405
906118
344149
275802
156203
217434
458561
65584
116187
230009
61554
668760
274633
287566
419638
304484
432462
920690
355837
39242
208867
264518
916325
25132
663997
721537
725235
304474
164538
375338
79513
531000
114543
488009
897125
521754
749655
466732
597378
633324
50694
682181
43587
397620
813022
657454
516922
379795
830632
453969
183156
436737
681288
136044
492265
247167
869829
884841
545038
613301
957006
357854
294631
492025
471622
504910
566988
277470
620923
632101
887623
789034
355678
46903
163535
62721
721524
366723
755500
634976
547814
28475
757464
43546
672039
730004
283738
978557
845028
402286
213092
942465
166699
99824
115992
572730
158701
912120
956517
471294
887331
628147
473058
27515
858750
597970
300563
912888
8451
534454
698805
330265
583703
48314
807046
219747
659173
397010
667042
772307
847959
940296
286042
499148
972225
988342
949788
445033
199872
558305
711319
268871
540071
158648
696460
618680
462624
608158
569631
431706
741397
676443
707081
654688
124728
710478
994788
957842
839025
556343
306836
909793
82519
151169
316794
472860
384004
178948
270565
551436
807240
323587
610652
777828
359804
698531
541810
596543
535947
686956
954385
666198
726451
958619
415703
273469
955081
283510
311896
855402
728720
420700
778733
465398
443182
965520
514162
477557
719210
436404
398748
883029
539359
38500
122066
135945
657379
7536
950164
471319
324778
908530
530744
116239
852682
612975
351267
535127
326548
794963
421324
870798
474432
801316
972006
152212
994725
452394
169307
141343
880042
497623
403114
111243
17871
658674
460066
367194
227277
34608
294058
366587
627241
533430
362768
403790
359099
514084
887634
353754
662009
159519
1800
411633
43734
736664
49528
661815
587071
441285
329160
710563
707599
582613
694839
907355
75525
305751
322228
842641
974683
177278
159485
144092
130544
827010
855538
526770
84314
47408
684719
768776
713270
689751
310603
605265
782781
740089
662642
929863
181664
375278
621506
782921
243157
343393
373391
510822
984693
694321
503272
800899
888861
732840
806721
676305
956516
72444
394449
890733
588947
470451
79174
502884
740402
589420
432168
206476
458313
494078
837036
47905
453100
254339
22075
974494
639226
232971
733609
894501
954711
234977
742896
633138
981085
671046
451494
944019
918779
133536
755692
594807
946363
201194
191533
437603
804799
249756
370839
750311
201425
498669
881295
939989
983924
851126
22610
495245
985264
565941
839213
252199
229186
183118
925930
18600
90187
346111
406475
121581
421431
79484
858706
627869
277857
791433
10888
752990
415291
878116
538113
987333
767191
78206
13402
31829
116612
243584
446052
732317
774626
21918
542470
671910
567993
848161
670845
267720
14956
402443
525606
587005
447938
691660
47342
90417
417696
722442
705046
983708
230222
278576
753368
228857
31648
864260
556248
278198
956187
230439
418869
260255
639140
38750
350550
644179
231755
247308
2455
260959
963729
821342
381497
158438
680121
110000
475921
906873
585917
177636
379735
443564
690930
587425
149752
442850
484310
800648
518449
155676
70288
687569
506618
405432
483850
622579
32761
833556
269025
611604
925667
1351
697642
911037
900736
558573
824129
406295
698309
632530
258821
307074
922138
806851
963399
900247
277174
960329
176584
200114
520099
914860
748013
368708
767275
389760
652493
970168
481032
546512
80190
928663
561052
77476
397007
60890
436783
286518
394183
255341
552217
854592
118859
483457
639910
191364
242331
350801
74034
322540
672755
248754
590558
14749
163764
386653
726428
843023
159506
636636
608913
798330
927853
7291
601295
216851
397162
603817
920826
346209
719145
688221
191273
373463
632697
941136
933304
652681
608372
936030
884405
116222
714197
215445
76008
130219
960090
425857
711114
39404
211913
759746
282579
578639
583953
436727
989974
671484
164093
773121
147398
825723
66716
841201
405841
63902
234816
743171
326702
398652
759518
823771
494662
492868
462230
397204
395350
59226
700996
306002
149451
540879
546220
135102
730915
218993
330470
898003
826613
752060
957689
761949
851882
388980
308015
755988
496338
674104
738329
239836
408665
985848
344210
685522
341945
463732
551528
10323
752470
607659
873156
529607
972524
32411
257030
55440
542693
756863
791121
327860
142467
158499
724309
822704
535404
543345
418770
202671
29334
22307
977447
131768
762553
764208
253010
501604
838895
325484
38655
998782
211836
232237
697640
137061
882802
791273
784132
869096
698451
665850
737092
599900
125097
765157
862182
757821
753194
827880
536694
479905
210020
569054
183204
951512
139017
480709
247596
297068
204817
891738
529633
756630
689270
699035
829877
568017
56278
164310
406987
871877
639059
63595
209771
314374
585108
316412
960984
769354
504428
649970
342383
374445
199446
602051
64513
506756
273947
930316
391991
163343
150582
570083
884372
533658
351904
41893
144782
30703
443815
735908
336311
159345
604063
955576
625965
969966
978668
64644
367149
426899
151169
974318
425966
893167
230106
381490
690797
261635
637107
291008
389967
803493
376041
957667
215187
208863
995035
838938
959431
530292
390849
119821
601019
250655
216567
336476
424189
599482
998435
980378
550277
43509
686968
25533
568593
890286
674744
804904
693396
104279
983252
682921
508958
997089
877983
693112
384308
739073
258997
261074
405665
395657
537208
355277
564116
70551
517266
783800
939969
796702
820669
493944
106352
848932
395266
559244
499327
264329
856291
588034
56598
870073
191795
862984
419354
988869
619697
514768
647337
814066
866662
275888
664735
403379
646356
567130
55857
418002
503482
622205
265661
26276
650409
372344
321753
243496
571617
677999
751563
984209
554173
765651
846266
993902
287584
312224
411533
629432
656179
1061
988022
389347
752840
173061
741795
785673
69638
101829
840020
691229
962024
728046
78177
395129
752829
414555
26970
675506
411785
359649
589273
46064
4528
80319
111606
977047
155888
731132
11775
759289
527644
6931
262055
954452
715751
71538
721428
25858
726014
849968
210171
511258
850438
734593
915528
269014
399745
418592
222320
196295
614469
127839
746405
746599
996057
106160
488562
483874
770142
357631
602994
529067
94946
532482
782186
336308
599798
695275
273874
487151
848741
63581
887979
979806
692716
510732
62057
219155
768768
387095
370686
921422
582452
529739
646518
752026
783060
712872
480136
542235
560757
933133
813071
90324
912651
609284
419862
151984
412397
46039
109398
954037
872626
792070
840442
986752
795331
945183
911720
214015
629918
50015
243456
532222
270703
913416
597324
487945
268564
990948
609729
956040
233178
60751
736427
967447
526506
941470
973706
62629
654734
947628
260102
679941
494705
808870
822575
749066
364280
16306
500177
456636
844900
965840
231681
363309
237883
5739
284965
581385
105571
941275
360282
151814
604792
665797
828919
987029
279974
622786
908991
80602
464749
926211
729554
639495
747653
758018
920335
575240
720152
668274
393464
969780
55869
898752
916851
819405
417111
65809
375928
191575
350562
740046
388135
129711
747354
76307
518782
584347
778650
88537
606217
237729
301165
229356
701376
72670
872274
861774
798679
8085
907369
712794
691197
986685
52586
443146
856268
998618
794485
721309
264381
711603
966127
183716
700008
638968
560343
190802
264573
92135
366061
875252
173181
601108
73792
584364
691215
121030
936764
289875
537432
924765
135520
281580
47938
221494
534700
169717
161950
522474
476957
794841
378502
570244
296273
258587
153629
776038
634442
23797
995718
932464
213101
924805
277162
966867
296823
21219
353700
874630
881922
635748
944193
424127
339546
702939
503798
545170
863324
477056
37441
240064
408256
313617
212726
110243
234559
894811
475869
386928
818625
202269
307967
11281
66840
875841
342439
995327
690409
488197
871753
713512
359123
526431
283810
257718
299320
200402
621697
161749
615623
344558
427197
499720
23267
858920
230982
937306
240057
243932
363279
44613
606255
866763
265866
298564
121074
938667
671624
135501
239362
904092
645791
574929
66266
293081
302399
355742
689695
525638
545501
499799
945037
630527
397147
137408
95544
693922
206176
260111
747613
967291
846025
691846
612389
300453
944848
747639
782523
49331
775382
402170
836993
211594
759284
556861
97396
886480
600894
136223
665726
557914
919189
514405
772400
934137
667182
194340
240963
162871
200600
825771
345043
209220
904242
41095
23915
394388
580174
183809
689484
595744
52971
716406
360585
381704
22321
435301
240203
192701
768321
281947
309518
747477
232071
593924
556136
518277
480294
730135
794296
347114
621798
11822
873939
478431
342676
253613
6342
256966
737124
302027
630196
883394
980255
633003
162664
315240
263167
630111
39095
359766
917335
161961
914719
580036
475521
395071
336500
566434
893232
207453
29851
11254
680218
364850
97871
701076
412701
730737
920874
105937
816886
142310
564306
978381
258424
504871
211423
670397
853429
597423
226128
226205
201535
375410
259498
524865
929934
162090
647976
70962
951602
544807
673204
729694
302701
507583
154110
709608
157263
768128
63987
163933
30846
837837
153046
44940
743892
983000
492353
861400
485766
498470
588075
814477
878547
474107
785780
655794
649652
958841
162989
635067
337944
926278
979650
998379
362360
868375
350489
508487
13490
432644
780961
313546
342238
668919
758961
748597
102333
288217
53465
266753
543257
846716
134790
670027
28022
106579
948557
934545
728389
804891
387368
101802
120335
834557
400466
113071
26995
871098
580278
965656
63182
739011
912208
299785
679833
287410
639824
708127
297349
292405
288348
474410
817281
182971
168637
899229
884896
655024
25414
629228
128571
892667
9820
925871
559217
530067
940898
468478
474699
591429
792914
361148
126626
967229
375409
968975
700402
715408
209177
276583
991467
319422
938767
942995
299336
564762
878979
870585
953962
954407
860578
237926
217524
200290
63473
499794
250351
83803
146625
33521
390003
863470
348179
530408
111211
922746
289179
143358
673592
87643
920470
796760
221424
670295
163934
958161
726040
502891
890320
674988
108330
3505
736704
58691
724600
590798
890073
634954
91304
748730
832281
501249
826860
289240
948218
315390
800574
761492
206845
408085
184604
396177
336228
168952
955539
754054
757446
98612
690291
655724
965963
442155
487219
644861
940719
285566
272650
452175
35788
304850
295522
15001
121929
349112
627335
456393
655549
118973
485075
920731
377852
757953
54140
508919
734327
351719
338668
279027
652852
261096
562892
306613
339000
992185
53716
838825
472617
581945
933136
829710
146820
795718
320573
898282
411291
434404
541973
977149
991408
925853
353253
781067
157456
951972
163643
296850
422957
667878
150120
495326
269637
550045
874402
641209
811661
387306
164034
249155
827706
486658
697013
569823
641795
227400
554503
163154
543853
94608
788623
266410
819559
221214
779752
188914
176250
606976
374139
565161
222373
212619
442666
953671
685578
666782
626736
24883
622163
508277
347731
943559
629850
900078
670986
712852
878851
297751
651323
838121
156426
61688
942275
277157
538966
996046
408730
578438
695781
954381
236906
378970
618269
491243
153295
463878
945340
216000
315214
90220
448360
209087
169247
566291
974721
169882
288275
172893
12773
809289
842145
128506
958813
963362
944516
202449
33441
855930
59194
196067
328031
920951
774156
58651
380445
522626
576830
978564
114531
284728
81796
647475
513435
745662
740225
426700
666770
166261
439545
634861
893410
198983
486267
403596
840928
14380
401769
963781
679652
239311
193078
804340
975331
182551
42190
90032
253669
202942
67583
977819
586634
975926
920284
334408
348639
365843
33422
88968
805982
791503
421330
589535
644405
27769
47442
938877
566608
959606
838992
536784
588295
700936
425609
456468
942670
69335
358419
803024
936092
239389
704365
99715
515212
288873
815843
449591
354052
328443
499950
466400
289991
715364
94692
644768
754872
150393
388691
173250
537444
270801
519301
610206
541001
212258
303698
859312
773759
491982
734377
683357
269491
532025
993970
173575
157587
838273
257663
986999
553974
778749
233190
517518
366614
13930
743511
90826
347172
694789
624353
646884
928036
741510
585254
393988
472682
115854
549641
86878
77341
552263
607013
83617
698911
468010
463855
552928
570446
857311
699253
20248
694384
289935
86726
158260
407536
368014
992927
875521
294417
72605
918652
117077
190102
949525
442939
471371
984721
179509
654564
424500
670174
1732
715082
113531
444228
482714
672412
56302
22825
219121
584535
378148
26099
251068
264517
634112
529836
577208
676871
945655
245795
437067
196903
3785
793288
155091
714719
996904
828318
108559
102560
14267
267713
220278
957692
908465
532625
26456
923332
245490
132415
110493
644746
242035
624939
585669
974446
708738
865211
762863
653064
345176
61537
921165
883786
63707
898121
930278
958491
152075
545043
447971
932513
973067
190400
275653
878694
851467
836204
99927
167756
143616
987999
423201
5523
182521
319846
402280
765948
868415
325440
720713
302575
745241
406384
438931
626490
85054
626886
68582
996552
941395
488816
388907
289798
980516
266141
810357
464227
768584
955747
833891
46386
31440
931967
956303
77144
195912
565394
488545
222685
534101
670241
21133
289871
739933
937830
275634
26780
570104
655854
752791
247565
507000
398673
315675
281754
944762
949267
228874
671798
660019
853621
631524
317163
638991
713437
633041
552393
173006
627484
6618
631763
761051
441859
821133
468542
480625
176521
639815
934589
833305
518040
313532
27088
502706
481579
415949
224646
436755
523794
34134
648585
460508
567403
324767
366157
434051
910112
287087
520725
328273
453514
264416
742376
891463
263530
494528
781383
927165
518050
844789
294095
447376
706212
164842
680441
744180
534677
377959
257073
186533
460135
108543
36386
164294
685377
55826
193410
73813
659261
909691
259563
477166
302088
731476
608162
708655
263995
35086
22445
544523
227543
330860
684290
341172
83064
775245
212365
981039
840857
431767
527216
114905
91985
648354
159010
115479
146964
769879
864174
337240
507303
925340
22624
56440
71368
781214
216983
540684
165540
761411
359976
139328
391366
658424
427727
77245
426758
495394
951564
391870
861163
53000
986360
884474
669211
984974
780082
107890
470111
494014
622774
564275
39740
548578
535197
405732
449833
828190
223727
928293
963586
586507
830463
23568
300
168676
506493
716233
998861
339398
925260
586849
330793
373803
226966
635896
761155
69371
864116
377496
16317
584755
476623
410075
915863
365108
596877
559466
938094
13019
301814
959389
583002
222286
373128
53192
532749
213067
363259
890119
498199
872712
642992
320810
474328
376490
452526
576109
806156
970470
560293
254579
170731
779651
5172
621725
29579
246376
338176
824532
580305
281034
971113
789248
156584
507128
192903
747999
933634
849474
622090
706785
66787
234578
10523
331376
343499
193964
216295
14210
192366
98820
42949
193810
440322
352576
626597
403863
174909
51846
2116
5360
742113
619355
986610
280924
367540
668579
963055
926139
797189
591507
22194
616532
861299
975015
402769
965805
719659
104445
890341
287915
766524
798260
820376
193931
723282
269852
450218
469726
721322
341983
690295
647603
844983
758596
328494
430621
456926
149576
981082
406155
989600
450347
470909
753422
4907
626382
437176
65392
212941
804198
312229
800406
419803
183569
627756
644135
579624
882435
761715
243775
163797
729263
711767
328375
775259
233307
454108
215117
683609
375201
614551
660385
731772
192263
156604
164689
255059
818055
389022
264004
746957
844857
744575
322957
213100
928255
270743
117872
472308
319362
405049
522977
183536
662269
746496
378077
664727
628209
92142
542727
169607
8694
148893
740145
813897
546962
108519
575693
563689
888543
40208
262473
961576
938382
216747
922765
86878
121024
165500
233745
444672
881764
648455
594678
398692
232158
531500
646897
46355
383836
971524
948772
467023
870119
459283
897955
894128
847995
908765
601146
127384
879022
822358
263554
348576
981358
546701
284926
325859
253998
836284
265740
311585
561599
464972
470335
840789
638771
184800
286408
318382
870720
532892
222357
757648
83445
263891
432083
877049
265339
551598
682558
78924
47131
133986
501367
766163
853578
155122
886412
617158
537526
341233
288901
145829
927767
673007
995629
925184
200398
852024
637389
133512
912453
39587
602338
286031
144610
519298
809009
301459
851125
961940
959844
971976
881279
537375
10593
986801
963928
76174
756285
372558
244246
711036
463162
898839
632025
293129
388392
294009
591190
660090
186936
559961
703067
946201
21109
970611
759408
21247
246765
757170
637786
218109
551341
557190
177198
633519
164756
787595
887788
137234
232814
998930
297129
997149
501654
986761
634585
645535
576315
306222
159449
50557
104288
904559
938139
941472
320044
577670
525744
433541
18034
21049
371220
893466
25277
66201
29228
795808
83241
319935
353370
170296
443372
687969
738035
693166
159980
816534
688528
537588
457137
415597
139103
791373
205872
704255
384269
196814
275166
157651
446765
600820
531339
254291
860025
546936
248451
940221
627973
922012
697886
609817
168958
902947
190767
731831
762704
752442
657365
174401
841346
60563
670592
492935
511126
425830
448596
605558
800767
293361
385855
785081
471973
417871
915777
67596
266728
118445
829006
75225
311172
442486
489303
512136
286604
955986
939549
703951
255943
622870
572484
90264
941893
363351
671241
422852
119730
300946
603719
401164
809927
938492
686827
221028
407233
183290
421524
235179
2962
753529
169294
364788
955416
424962
403968
134867
305845
75242
75998
290244
173306
738866
138975
843679
650970
259943
240636
566028
788934
848356
838821
973928
493951
266358
278804
198847
40498
985972
205620
981642
604927
305393
362377
719533
936052
391068
885926
737373
673763
72225
787317
722017
947947
134518
732814
370783
43479
20866
665326
189208
96075
672460
977159
632190
388923
28971
951797
116387
263116
981940
735676
62167
696260
46335
283259
977388
523265
591293
437344
987148
253114
43578
430663
823817
421346
210213
541239
858049
577702
95876
423462
273403
66569
374914
761777
269836
695652
421327
412095
279878
506079
301585
456532
151982
836264
720767
6239
949698
463709
319861
527165
654747
872299
237560
560626
75372
206255
810050
871483
828446
907802
912228
316001
516365
146893
997182
601900
869082
520292
703445
284163
276942
757595
330456
398271
558950
425122
28311
961350
154496
311987
576046
844596
652922
180806
8975
908455
766070
539214
870971
495123
156168
160562
211073
34008
17777
524685
177958
490557
847019
831737
208290
574663
464273
625990
874880
990821
3457
500924
397920
407190
370069
899516
542726
664088
685349
268744
672008
523969
701403
241420
586428
235788
74143
903476
766036
506547
974650
880542
267315
947212
988657
671885
226960
348449
769997
961110
111816
721023
714304
567378
940894
331315
871818
180922
80141
183167
230970
959394
225546
938483
376270
103733
612748
958255
936172
514757
67158
368955
163582
68241
440662
650602
213839
78434
158434
38281
786026
741168
224256
933520
175018
198914
535118
390351
868485
970844
475764
146878
233253
619495
252969
637696
31136
935970
330540
614120
391365
613456
659901
850226
201464
913709
43460
306767
363908
624496
931391
181280
769035
320743
952863
674860
900693
698461
247292
134105
9006
796961
473809
979918
6133
271578
907638
981547
153663
899990
135368
253157
707537
910603
374209
257959
398405
483468
629895
179788
490860
115431
450544
863552
354560
823422
401600
215621
819467
467120
71337
918398
223302
988317
252783
334040
443245
776739
458353
776270
628671
282322
567249
845197
613440
889780
713570
566428
567689
705475
551130
377953
24922
836243
688427
666044
468484
660923
704947
568044
72410
439143
964810
879979
183145
774968
575726
245689
960342
758451
659456
509620
287925
646933
555656
366352
658054
539117
692278
597574
756266
338152
892646
594680
690194
835893
681251
601323
652099
64147
148623
679817
557227
796669
879322
299244
122741
935260
465122
233512
895190
347508
564720
436570
217882
767462
748948
420296
88004
334858
871404
328470
314387
202064
13673
253404
378590
456748
606196
308312
310006
14618
279948
567455
447305
994708
588475
166191
289143
485403
597926
2047
764502
133083
505413
505710
261438
39494
235867
631747
853981
200406
914669
907920
822675
624594
147316
331135
930830
359573
938897
116382
606715
717417
603464
300130
702823
402751
991047
215180
179751
210362
531417
75405
413391
319263
173443
692927
7787
160440
684492
131636
578318
44760
63727
576746
108972
684878
109409
192052
569001
199125
361632
802656
495009
186449
127795
696662
264010
473892
773344
998462
566286
398102
586324
696581
629403
251117
351175
64093
429259
27350
231421
424200
69086
806647
570463
256472
381410
648673
772104
485820
254002
177221
975387
233927
621096
1509
500194
638491
880010
650091
100298
969868
279191
938016
464935
497548
999650
293107
624316
309114
576099
685890
712734
546466
341051
401133
278558
916933
86184
151588
677429
768631
744951
476498
557287
318823
291459
809527
271748
829344
770902
26273
709854
891386
666210
654330
982839
767089
42713
63947
884219
12681
849220
48538
573280
663239
183605
435866
463620
412887
726203
413238
328022
570590
659189
662559
37795
9652
587517
480883
565142
331432
57295
921300
868106
523994
638161
839351
992322
709873
365727
28790
950654
250359
490891
405407
892153
739000
643577
593655
362590
208507
552645
817743
968528
807276
225743
443164
985113
731954
911735
797588
39236
277375
626239
73063
841914
697760
300061
876755
395147
30394
414277
938796
773143
397359
54323
148337
35089
477835
966732
553926
48799
518945
525584
24306
364385
206964
926493
424420
340645
638213
87339
160965
258865
524805
955350
244180
142631
884666
590702
682845
325222
380899
609638
396627
6041
116832
582599
268030
252753
931606
747093
221562
198937
688187
508723
394671
116390
376522
994526
628831
10601
935506
154833
304771
959057
744308
1766
137516
729894
461225
485992
268374
640670
926292
573379
766894
999008
286942
639609
302412
45866
748184
741666
760852
636108
15587
446162
347174
784988
48561
133960
496646
970697
690316
219005
906933
198322
979039
17445
169516
559920
857767
111066
144586
861114
285671
211455
68315
980465
703078
543428
13762
84194
779663
338171
987738
66509
229447
954758
863435
799692
190861
564383
800521
866415
839859
678055
477298
852733
385520
334587
71088
520659
847887
137038
844423
38422
226296
112132
704663
979541
526651
844296
702590
490352
814893
764934
980534
314488
709060
804658
342050
690700
206277
261255
463231
513493
765533
645348
694494
619140
91818
411118
675047
101228
970584
28052
436296
128320
698684
256340
114033
124419
912368
838349
365491
599487
844635
409950
419089
28536
22597
538675
209222
155557
517418
584354
203659
470247
819844
337963
800917
210691
48089
787010
733213
716255
94713
430598
16696
59867
461341
814190
818836
878238
344835
672302
321131
701017
70078
656182
122568
886731
77964
292422
859334
826802
185118
729984
132177
664253
756441
549359
912394
615645
928034
536006
390545
430246
767509
93862
900407
382164
655125
668468
301683
277406
92089
799347
443036
430244
383930
388333
754576
660292
77112
84093
756432
316197
489585
195066
232581
387412
697227
364340
650020
758745
173127
146269
228041
716491
811951
549141
439867
364216
378248
886
376602
12558
70680
953263
584204
780390
623266
587522
767639
42285
340675
181080
980519
294941
649906
350294
405002
827179
688511
85556
780376
378537
266229
261705
513219
388986
579571
273258
658862
164057
73166
60196
726613
181605
141783
237990
986745
604695
556378
470596
956646
588786
459772
929493
615649
177248
305
901368
441635
355030
4414
443362
557364
378453
878652
265197
14168
407738
564369
450227
642055
690159
536573
214037
349893
196517
806504
336604
923378
775185
150537
199836
301999
927338
586062
320630
348833
699598
313520
24315
853779
188570
147354
973232
233502
465677
468669
218371
977029
471509
95175
439358
547060
389419
82237
607775
606745
683991
364997
143089
202293
283324
234334
427479
545612
424346
919429
767927
378646
334905
340597
969169
160732
91593
164510
419501
786110
5162
670474
51025
421469
50466
98883
799883
641806
461653
531218
57351
553373
996904
672019
579384
797408
821045
627587
523984
230181
424591
596606
965407
904909
860401
869878
432875
610485
423423
732742
110548
969440
900270
614944
779385
264406
855664
689559
38416
455707
888206
250698
405155
214265
90838
245634
904396
885082
973554
850029
151956
327625
827907
260647
630762
835264
141416
116500
238416
332572
398343
660311
868917
720037
609680
759580
872020
921202
656580
166155
490011
792723
213597
705878
668828
595727
43075
83309
768044
907993
615467
654100
42561
452334
571139
538150
231611
759181
302576
948247
150552
108986
652667
323714
987545
919033
126139
7445
8464
898658
866945
674771
958440
631485
728560
136745
268040
901121
13526
197636
558773
972087
770272
145488
661822
136685
669954
840511
656696
909802
513503
563554
510491
205917
217469
135321
715790
483320
375127
674215
846009
409077
567604
453100
105502
571151
273213
193720
360679
706217
25938
320866
203940
24307
886639
370047
758170
796490
634048
292955
773274
470239
492863
24660
833801
774582
842582
777484
157052
351206
805826
403507
152503
445811
800858
693627
830632
102787
155611
531144
499393
639341
880709
957015
361500
804163
389011
271281
591796
854988
619365
769519
593562
29606
728985
193242
180705
693951
635136
421932
822460
457970
501474
703079
779896
158693
103884
651301
225745
318163
307923
662015
194233
25942
660889
562304
975652
995143
580048
635011
406444
991223
39388
205611
820068
194920
124847
609534
166377
581351
779427
747257
127144
725077
683576
80940
620826
95188
880482
243319
675038
330299
434935
210546
487218
24449
906884
317145
946338
680213
72939
259848
369276
694132
615173
486060
324580
20272
192905
179159
129848
148848
610632
171178
382675
818348
575366
163585
108324
895544
876207
124027
529159
299160
319752
384730
928645
972610
65508
835641
946622
627093
670282
251019
488003
924575
665744
150245
13472
244169
334499
944459
238280
226579
206627
350379
47473
82412
122465
779296
999950
905757
410418
396999
327752
828313
439610
446560
328329
251033
767320
750144
143765
99067
171746
835953
675977
374260
897393
399883
646241
357085
498324
835799
509789
335978
138655
185033
758492
293649
628135
750916
757746
375431
319164
337797
204994
153823
76036
468682
595952
723948
748291
243978
595764
651758
309431
321914
350670
780786
815687
618235
505465
939869
166628
311150
619412
397736
49166
330197
321000
384402
590822
284307
963456
69424
738721
96489
777259
606787
101468
720933
186122
200784
563059
359962
315987
661429
781222
223402
320389
884770
447836
168561
833273
19816
21003
849847
121449
438626
588791
67486
29858
934770
658868
477659
348539
913230
500015
512798
993643
209108
629234
24587
81967
175996
750468
837671
171000
129878
67401
514516
157638
129358
221691
939937
400767
515173
523308
963628
23460
493177
408210
473622
95637
14439
154465
836265
877712
990776
60401
420822
653539
908353
123100
673690
846796
145832
444864
790281
683227
637438
432002
851493
424844
739486
946758
277294
133777
504790
969613
152987
426312
913857
955703
821484
339897
32330
811306
979270
85210
454951
286952
489202
234185
743235
281042
921635
181011
842688
132364
351669
555568
234600
552615
256849
981255
759957
972657
406775
210153
741995
692836
895373
917328
80463
949280
470731
704047
243347
144746
150969
459692
698548
364140
150155
661852
452706
853295
890633
448565
968170
436248
216537
540367
914633
942060
214066
396634
572101
144308
459850
518065
578732
712042
121652
748555
62451
65895
92988
914602
787768
308459
272874
359570
952240
122634
708347
420020
242415
765903
496886
592373
707731
55109
444634
515954
569054
63843
521479
220764
735993
586169
188167
334982
672565
330813
626365
523285
176548
725896
237491
407372
112292
143614
510072
811701
840354
8423
54551
63897
666085
995646
33867
851988
955817
219832
410439
95442
163412
246243
43784
237848
34022
724236
284242
925865
68710
446079
252920
847147
487865
45573
933962
473955
87097
248992
803455
649541
771472
397114
299307
786946
90435
47481
962291
880924
59717
754784
95986
218554
904298
328034
106440
677276
419895
996545
9949
570778
662460
973938
692042
137437
755134
322488
814100
365654
996355
168333
772090
884148
635899
703807
342275
281575
158959
929626
675323
637764
191184
564984
35618
803840
966743
791534
92881
596472
973688
292849
732522
737403
938306
48546
625353
432470
28227
513382
526875
459789
322180
2209
710782
655544
25629
188823
89789
72785
41426
916978
370343
209137
549164
3292
783721
809066
6852
631926
558032
846603
38980
957288
490022
641277
579854
616388
155460
854881
41218
962873
567129
887284
109226
479287
389538
846602
931398
683201
74244
685622
392163
652819
927904
815172
545177
827019
797156
300816
314165
425277
617746
361393
688345
989565
220650
943952
930197
534101
170483
694631
495911
192955
877077
794193
277839
975154
17099
470075
908059
482041
563663
696316
112304
436958
779571
395072
845469
265787
106548
800544
734784
25038
810642
748430
529214
918138
432943
514308
571182
642754
116125
700219
312885
490014
346282
492383
970650
766455
165391
344296
736039
5527
252447
585362
659681
367782
754018
834889
53740
79848
395607
903921
631070
449809
361033
346333
774727
446349
972240
838796
419336
217106
826303
30855
680407
899729
998397
23199
906866
715009
409373
979000
228376
624415
47510
617836
125547
206602
873435
390970
297944
455613
335443
314394
697999
660811
491818
781247
313891
928398
209476
900237
480966
709358
971236
720083
359043
644811
878894
335237
889089
355780
505449
57782
39926
862768
415132
510998
879567
4795
876542
533717
554834
330067
124017
659497
956950
791586
631553
192538
922515
241326
208869
502301
333138
564174
697881
669575
303063
163660
991880
277216
698783
873413
648240
147658
621188
900027
749403
759997
767668
277190
351962
53912
485472
458418
975022
272966
977470
152235
752895
727060
283857
163820
49271
442103
436043
5048
196316
545663
606513
550488
962121
47373
158581
799535
632640
858156
491713
559461
873779
362381
917080
723057
975271
185687
586512
706767
437327
152386
266891
392665
323685
748996
230486
899145
7689
765936
629382
294304
991390
407785
729862
572026
343256
817981
726019
482211
885500
601044
276644
359164
129961
286512
322629
825483
682164
420169
813761
866969
812757
684308
451254
482969
30227
438218
106627
303091
528833
353970
478583
35965
562497
911186
300601
874330
832650
165797
643321
852556
968472
768814
250651
915657
414593
236959
299434
883997
930081
19030
260770
29187
384916
216570
118468
42704
223788
797679
807263
557812
990662
403635
444446
234836
796272
867321
461813
441596
494090
861222
999735
975603
40209
112780
867837
694622
844577
653093
287920
116606
5198
839445
242974
390615
115897
369451
442260
169692
729610
954752
117632
645153
173100
92566
25028
487190
704370
214626
575973
714590
761152
223522
410375
958256
833136
930825
92302
407085
191615
34898
940128
233621
289380
522061
949212
279985
720988
107788
61972
390684
953168
442678
238392
145449
779417
291879
941053
462785
126175
173204
38717
117935
120106
391134
394358
386475
164123
996208
697611
283416
58916
251086
471070
460290
988542
487776
650944
906165
633291
255189
989973
486580
201590
18289
792581
928495
221128
705244
239804
731367
824584
277094
535589
154414
345966
978516
905572
286056
299791
438028
342818
172229
464133
564967
465904
463026
607840
390335
614677
882401
825762
645518
631096
400351
785961
337568
631602
5826
344296
329867
7747
409669
585642
146758
862392
18562
818160
534826
193145
551389
21426
27500
265794
830967
326579
793234
899421
836829
119060
570161
798967
17270
234125
78668
271849
387713
582141
67982
237523
382595
77208
175875
144109
934440
195285
374669
733017
314523
357419
953844
380321
599386
307214
521375
845225
828079
908426
930857
258972
866503
771024
338431
94225
617060
58429
658571
289967
825364
419279
242027
215850
715308
604709
28245
731488
426311
399922
882326
98804
659615
559112
906121
828807
290403
272256
498403
558709
462994
456959
844877
498759
470804
776833
372741
586200
673603
50486
41827
198321
112101
837835
115852
413495
650551
808329
526166
573898
383755
386500
488456
884231
959945
433224
336451
71628
527521
82733
802655
273930
511543
135635
736783
859624
940781
744176
676403
760032
752797
238471
936644
621435
639605
746459
82967
776598
281361
84214
192646
759809
229479
904921
178389
276430
321818
535664
100260
398298
759764
624146
539948
760844
850769
58393
93559
542351
570310
509547
621691
157106
661277
691140
168755
368619
96806
1527
71386
69287
884107
329165
970842
135395
671515
743575
915987
892667
988843
131332
480797
976494
491172
466881
756673
731727
418065
405593
161611
780969
872957
511033
249184
127565
777443
597813
516203
227939
784201
434384
544206
809744
234698
976890
644069
969967
945634
98757
911248
765734
860597
953956
962364
216404
516669
517282
792726
244203
242388
821661
177754
162392
644588
485746
892087
975536
641238
72710
452141
703104
599943
49684
668232
762357
573390
919376
58110
468068
47935
117187
469249
915520
684665
954248
913211
801402
809222
583752
574675
203483
629062
321471
860317
210026
112562
467007
684140
152128
175659
470454
211019
889021
301664
817997
828481
673012
554447
82039
765901
684831
767272
141610
443197
290685
170328
552901
583081
998703
158901
943520
670895
237899
114480
41720
244813
71669
275421
398466
115172
362968
170391
510165
195274
143801
690209
836374
485727
843425
323214
669216
308144
769436
96321
238956
181807
869659
798840
683331
594517
170402
443541
513635
622075
386921
77481
283353
70700
181617
668724
260218
16635
176094
355541
957596
198677
851004
879615
589895
281980
374245
780983
741423
443779
494848
250220
489456
175612
761697
363172
907200
711451
526171
394807
810626
829430
111876
550003
625293
753472
212549
871311
114546
23237
594997
523622
30586
604549
24939
53137
956958
699252
316162
510661
833419
391140
777001
166645
947134
193921
905272
503702
343094
104285
125481
493230
892518
849396
666442
976907
250139
605334
425818
137725
962613
181355
560591
756005
672071
857313
924231
715476
318305
232723
30110
672830
44296
391718
550259
339842
183994
871962
712387
116714
983635
333996
284995
218138
119630
59551
314595
913433
912477
428104
442224
367559
956975
843010
218766
873030
163127
725994
710540
303381
480706
370326
773297
255077
763878
809889
102327
187158
639978
35018
649556
119989
897389
899114
439177
21600
142772
384172
899685
380139
520325
106894
842181
698476
205689
372070
816605
7867
703409
821621
48068
449487
765677
735647
671796
940654
800397
704744
11964
704914
739590
188844
132437
402809
970526
367128
55752
793007
943425
248933
839722
193218
290592
635261
705773
503368
300877
877986
400558
713966
687203
138005
561313
646782
318476
948836
421425
838046
575248
458825
267264
275309
515372
340981
754966
939941
615737
485641
599382
953274
563243
479541
177844
49777
633768
767864
238460
200854
583241
497304
883561
817095
536622
79016
419958
615032
520710
503493
301263
245928
240922
773309
676222
30712
72452
323365
370828
687482
966696
636977
592817
25970
248273
371136
424415
525825
367086
121570
538103
245703
801896
179784
481227
361517
214789
202356
276111
300027
831500
686828
805933
620910
402731
442499
360526
747797
7651
94614
159855
361576
416390
153958
682968
580583
54210
412940
156507
579405
614180
594104
52232
777572
478735
754918
828172
373864
213056
436879
740044
831746
945583
884105
656638
831617
68473
771946
401612
471563
400882
603902
309094
935840
807810
537515
483673
697886
917573
791529
987478
400978
628919
238894
460795
2007
120882
224788
537493
39781
56901
687892
557001
574368
66746
336493
86739
824835
443393
626697
344693
516106
236118
834457
437430
246711
504764
877035
333846
880929
435135
755377
641475
740213
332490
498165
829254
580949
404437
571896
15675
741834
588374
75140
223870
472342
388904
336411
623632
934669
899881
909425
118479
89361
710439
774192
501061
772679
93668
503132
36285
478608
869575
784346
427313
479091
842152
353801
976893
666557
470849
186095
767679
580239
916067
91222
173881
224041
226686
548543
536143
967807
783630
642105
854690
52244
794720
61146
420182
564736
90807
372316
534533
599556
842560
704449
790899
46226
748456
523275
316679
226
885625
40078
28283
400021
190245
663063
695030
39503
728871
173266
613231
946245
133300
326762
876760
281467
499484
631281
84425
327084
802331
34663
675665
496473
352733
212595
907846
680132
935632
406775
479572
888008
986401
433846
154996
814883
126381
607301
300526
883606
335296
140439
469082
978320
13570
685848
959349
379898
700034
666241
256452
924759
464870
42786
726964
536143
677066
268052
974848
636131
691025
425416
404722
588036
271428
932154
837591
281285
646859
163196
427818
166177
8808
576099
836657
917610
458791
735489
48873
769736
725456
993771
929516
311731
646969
702370
342824
582545
88001
561773
365425
610107
492074
297114
655249
21127
645793
805367
155793
121639
557192
389774
763275
921201
881134
897538
958190
406497
215550
793934
328698
986241
591938
536810
152508
336220
912303
867339
470925
93410
326042
750110
684866
568527
393607
63910
973958
386452
267328
749220
658122
389379
715306
118221
632119
976693
492322
632154
324017
277082
961325
344412
254966
488429
396163
58639
402307
374397
239100
410279
386290
217995
410280
135116
815687
149289
5152
875385
855855
440031
576287
804125
944086
733103
427410
57749
752257
77996
333532
839986
508543
155945
505450
278999
409043
621443
631941
12982
433399
170742
754983
471375
20095
888471
863788
252464
561158
65215
673868
786199
674451
190172
741614
171299
25282
486594
766773
305341
315745
944919
18191
272576
487689
648351
707490
588421
325910
135370
212273
227800
264042
10779
162663
441227
684601
332480
781331
746733
7804
653197
800349
295470
854333
28014
105670
17543
424929
2158
359865
611079
243311
684279
666658
831408
412206
479898
568355
352408
997607
227007
573979
259408
695434
265564
614613
252509
398732
791475
178005
934645
229400
948070
932346
78647
99413
659001
866645
865924
623541
832585
286692
863152
655142
353383
706253
745241
322568
815924
553253
266616
175488
262438
426961
371015
213081
763908
796163
21795
643467
677502
572458
452115
855466
689907
133765
337760
263632
708927
378832
257551
53337
724626
711680
308444
895565
907904
334951
765648
274713
242312
26814
231256
321062
790964
243292
387669
86712
56506
877975
538529
217208
105034
299243
763888
882374
986097
379374
430762
819915
707111
501947
870417
79973
466762
297946
54130
899766
241406
479869
367834
148699
437270
620212
943481
813658
275341
248853
627664
324877
772770
244977
653274
985394
888993
888832
417482
505712
641401
844076
88222
437768
895046
790713
661455
624433
906172
673745
385210
848705
67905
951661
259728
823405
712775
652123
599189
833416
725453
837333
973038
864070
698187
589384
615336
871255
604803
751854
87212
576846
587454
748362
332960
954463
829075
279999
349143
61412
857114
600879
51012
558553
889407
350868
810109
353195
38183
130751
235526
170175
376765
142285
639200
874228
394207
941579
787760
812090
231986
789813
407802
592645
477505
265147
640477
44526
888121
359882
703357
548362
260865
106325
341724
46911
893618
862897
989700
211892
723270
742250
659170
315096
310891
917937
243664
903074
145554
917564
106863
853505
944030
744422
507154
79227
745991
430529
32939
484736
500294
116902
904961
369945
845153
850119
969413
715584
752358
708324
300244
701329
44170
173049
398795
465715
310328
883545
90812
164026
710548
756707
888078
129806
473873
552425
743161
51189
447029
880982
461152
915698
773788
345690
610903
50077
347319
438309
351564
244020
941147
588449
700938
462264
286615
973421
678346
61101
278188
96434
225565
60906
512551
347730
72920
651223
750660
887632
870048
396663
901741
755384
817652
474815
783851
806972
313366
491447
910094
39230
562511
856951
25495
195803
753741
606426
367893
100934
498730
583113
927622
726685
341228
710499
431961
85531
205007
759437
975573
918254
18607
413459
75891
672461
312975
179074
300618
760769
286507
914895
380833
444730
256560
33989
709810
564492
630429
486579
373061
624588
446716
472496
977256
858198
831284
439212
436831
229324
581355
809502
23157
314593
820311
316969
218213
658533
323683
999244
654435
108748
901724
128725
184584
594824
698304
734061
403125
615229
402174
72541
179366
58483
455057
772851
7795
75137
716874
671041
551935
825403
236214
219523
770300
849150
86844
384306
422644
386883
216187
305859
109824
310819
76471
940302
13124
908458
388489
337852
900956
161498
518240
591682
910195
995546
432759
362607
497848
738501
413484
491796
536475
636271
579136
548466
258061
896947
589917
547054
972793
975812
477908
804854
278766
136871
586410
6695
264674
916323
272522
487945
49107
975052
389181
20161
587409
25313
972507
636003
765234
927068
910638
244001
582603
640278
127624
966815
824292
960274
984557
449499
405647
819331
431938
271022
205975
951153
651254
962179
665369
99031
498824
886963
585657
538988
53788
344048
595027
686000
639211
159402
152680
147983
227783
842960
517922
634619
686579
605707
102024
868683
48042
80238
823327
132298
128807
353985
384168
160654
944056
693563
843827
31094
630056
147672
781998
503929
358409
524502
158060
522420
431230
901763
647266
812603
105316
335814
691107
905759
906554
415705
849504
430555
864327
168877
662573
75207
784409
608592
57950
14285
662871
634930
987739
833817
909847
774549
188841
701495
426887
954069
515937
642772
722600
780862
279898
521759
883993
507686
294617
689604
111129
470445
702866
176946
391504
219907
630315
441096
364237
363555
262528
347723
263637
349851
163704
461502
65807
388577
79130
893945
294814
215499
736227
521733
231698
77230
687429
116447
88794
627461
544847
703534
400049
411810
234293
849070
95742
375647
704597
426413
706517
787679
296862
657050
390785
201374
19405
971588
364077
168889
530016
65980
923523
113967
326874
647887
283025
526594
620983
667500
693229
236994
909906
614221
23508
273850
16636
59699
26678
310089
773199
700446
476110
204223
724690
174929
479273
429348
456447
968266
703575
394540
178046
638691
130873
474212
350694
614211
679894
2099
362567
454812
682876
848641
749855
658320
855126
674987
395733
42118
419283
880602
460997
983608
560396
73287
922227
312170
311077
796685
745161
463516
762159
314332
532950
864298
495290
875006
981647
465788
237408
643413
828927
540443
219009
386358
330723
604221
690229
213160
449709
918346
520992
533540
55438
755660
111067
148314
985947
57552
819725
649026
742879
358465
223908
401272
855354
626597
363120
253318
733354
643841
797896
746699
747577
530827
909228
693296
198675
851558
647703
521695
477777
690700
413520
620070
802215
446262
985838
589262
783870
814286
586201
352117
704140
878795
566841
636895
91062
374491
974648
298765
224946
186441
164349
218051
331328
908046
581664
343149
798635
722531
398929
121830
148315
919103
876427
242171
291669
685689
791216
903452
165863
631664
525288
733136
691402
464777
627806
739677
997246
916858
303670
958409
922486
451474
808851
191687
382831
865221
237626
38291
781611
786457
392954
183781
576477
928418
624602
696142
421554
646898
266462
477071
20821
702291
427373
329087
4594
237196
776722
886547
728106
886138
675794
176058
1914
322159
855783
991156
523012
182657
564395
4053
724526
728558
286879
736202
330864
543770
935467
53172
472649
768586
962838
381916
987707
732833
625488
164933
186091
188178
874026
274583
334554
135867
252521
503322
225201
288503
549324
563077
590045
393213
834844
668076
460450
446509
25955
764838
683800
598269
379806
444099
950617
754640
531740
560419
189614
369180
392210
635936
308277
21618
536198
197887
400197
85184
298074
147177
775867
367131
486804
445679
436289
417257
370044
430066
514023
248728
866445
978288
993795
655220
720822
11202
823681
379118
548544
182287
441778
47585
753479
979356
135944
961148
951973
19991
428536
919916
495817
231203
155637
94633
891425
98944
357278
649669
373854
765691
125301
139863
197900
796187
272513
690472
128837
426142
585173
901005
900048
795586
60840
894340
200972
830053
891065
48368
401186
633078
110631
956173
844852
639485
353040
85982
751463
786031
629854
930320
52777
35068
778784
598918
914626
388790
809242
509219
823075
275796
243437
210417
622679
420476
918768
19292
641194
764944
450777
217212
524768
35735
676179
901300
4065
191685
191442
440065
987765
821520
710408
174762
787036
69961
856837
138995
371968
830400
792256
95829
279688
437298
610127
82586
41378
294000
480898
479988
762239
620282
701524
277902
555178
759070
375828
653663
573153
594376
761048
820499
805046
588743
774521
835542
706060
274548
979375
877150
966819
935491
174553
194827
416287
562083
16967
745100
991786
635960
753325
240339
128158
980827
754827
67934
198384
377304
133309
347083
753364
470956
740473
976017
781511
532444
57934
464070
481888
968551
563036
596035
970019
729103
885998
170822
661807
836082
416447
618880
798473
728341
146189
97707
919942
567205
972115
769968
105192
935469
115447
752357
484236
135679
719325
34421
612658
397813
168964
136346
505399
753537
108431
479277
53325
873432
219815
292569
345472
233178
904132
913721
448515
345800
644989
424538
682799
138922
780465
23912
524224
366803
885862
989914
167663
298173
774066
985152
970060
85962
671305
755281
202879
80402
533631
861075
349730
969180
841893
327462
725359
101000
27578
833149
338150
521546
461244
714246
574940
473527
425344
821370
991225
10011
937412
440895
471968
923037
342577
751705
815704
844566
95972
224511
709771
242896
888237
786907
388683
707525
843165
785799
475484
666738
768672
886463
622127
136317
7730
628810
916582
57780
578156
384950
333791
195620
934300
712997
583629
370291
825632
607235
668955
697892
709205
563142
537230
346928
518180
279596
377072
739787
76967
867349
317145
514700
197831
76282
930544
948111
520264
761204
787442
693729
193217
367769
691375
713452
792440
423464
469227
390257
802782
578904
942137
394610
225971
893414
74407
65551
280300
778827
570436
659951
592699
769062
581620
553004
599018
