318769
936134
972280
82966
734223
208599
136685
102438
355988
241362
57210
891800
1300
804989
584262
134848
2678
875113
969216
323198
832348
45575
843134
828382
586085
187930
53062
406960
182009
872799
860699
467436
557095
149730
341921
363244
238059
11174
416474
528796
444836
835891
776047
595065
332829
901092
666272
154640
244809
7060
457145
361854
311126
371946
884994
261551
515460
751783
611961
114895
471743
696314
47353
147407
984926
602650
704463
609297
462407
533134
489994
470073
366067
996674
932626
312389
781144
429367
212226
705263
863155
683417
868192
396348
881956
189177
543183
637514
31993
977290
446386
91903
120303
53443
673709
893341
97453
810600
168113
438602
826508
28900
51238
586226
450870
978042
232367
727549
470609
483540
8293
469610
151243
351328
943032
308284
426171
382874
865632
868379
57181
612017
310817
576816
86700
818618
109671
788215
608421
480799
745380
236602
958554
404758
224845
270814
669400
277655
826561
602351
965590
830145
555278
952338
712011
137328
487510
257252
354274
83720
32863
402662
125282
410579
4136
509260
387736
868787
711088
851534
815570
163668
634401
914899
126116
582577
710643
616067
658940
372363
144937
713972
757047
391233
975279
890600
490900
589382
372641
832363
714990
339106
952555
845404
225167
200597
154979
206976
574131
455015
827603
560753
279892
190299
110399
675769
318116
256765
669721
833556
710508
741771
362516
890850
816356
923625
554416
738993
862155
169900
574411
592686
632634
104381
456024
899019
173792
803586
537015
911800
708912
215667
971607
562978
877896
508827
3472
802218
679620
154566
182001
914937
866530
979508
786014
431354
661922
178600
620470
45702
821081
436596
627515
135376
447725
324575
801353
557099
918912
328114
8576
256054
598570
946373
375282
669285
557133
652597
871490
781096
188283
72942
860337
198432
905459
100112
566515
674294
924259
660615
604639
238408
820958
300079
11014
184059
949089
631951
491609
608028
392003
168357
598443
940198
786364
740688
56388
260462
566223
430081
712868
121596
101858
566958
687557
447449
121495
34741
271787
439634
919762
68148
830235
218730
915213
55884
310066
669230
120433
408224
849974
207619
593306
697563
882816
175527
517872
583172
163869
240477
950048
165644
216911
293423
736242
523321
358123
568115
47265
677068
418595
844991
506983
538289
332702
679130
849926
760782
897338
478723
264580
422271
373321
239059
392968
905913
502568
94749
839029
416284
620329
712931
73051
433422
845460
297340
111437
14758
702695
114255
858338
203808
168484
530852
437310
790665
45819
743884
419301
489945
997801
939823
247334
64578
37875
733394
669514
354593
121052
649756
359081
629721
110463
72242
206532
779686
632119
424412
978739
467180
516731
879474
531830
409056
340112
59301
860449
492253
465775
581023
789872
477395
370410
469922
287063
926982
79932
262977
928743
553441
827577
109004
164500
904199
643002
376304
99130
809122
632977
68383
456613
662341
875418
814969
452261
367891
478622
722741
263675
490349
370936
87973
273930
87922
307492
461298
269341
513534
788421
519147
408448
915995
170076
106654
16147
581829
513877
830215
2838
287345
413706
766557
73836
558710
620616
436356
566829
336123
598920
757455
943389
639576
93486
698028
268945
90240
850618
517118
2436
627994
989616
874411
92643
86161
502134
648838
510670
545439
844869
240265
753192
762546
116442
306761
383787
362748
985365
497479
978865
206810
757708
249012
883960
685516
713360
840307
436398
243216
170925
311037
120469
333271
200736
633770
564394
386571
848801
925658
71828
768694
2024
296690
261679
291167
610364
361115
218515
956114
427654
15615
424139
14679
682572
405319
206104
668051
161134
117412
569217
731928
980260
730122
645155
844244
807026
29784
291254
4427
591533
750239
507451
532897
284976
730244
580781
685228
434999
818794
863113
743274
714196
966850
607200
613735
296024
262643
86145
214795
47166
505786
352104
653544
26200
748365
843185
41942
573258
738190
495288
519014
119641
698209
320348
45453
223420
609617
37474
592776
207803
604510
860308
724078
465718
58260
532646
565420
747307
136586
921027
703051
228006
292896
436951
263540
686098
392015
172920
796613
938296
523569
218733
188487
6319
238128
684002
88107
689831
362483
35034
151669
937724
630000
253857
265280
882667
442930
148847
570877
73868
639851
709503
713061
655273
210639
162258
205337
569035
123969
249516
440390
429815
537307
827657
821750
288532
674181
981464
978558
794699
772392
789258
10465
434003
432570
825937
31430
538924
277938
291214
784497
874129
750928
987572
59206
528474
949310
491807
45490
585717
880728
373065
999699
921751
712992
953767
141338
900080
844921
955110
877967
903675
481293
777346
135940
351309
705293
434754
821653
976176
631333
999629
129591
474975
850550
546296
212910
870195
253846
142053
547482
61566
949512
468337
478298
234455
228124
408771
917265
537010
58092
718105
751282
965864
298286
733589
330012
871519
261579
461464
668805
897511
765345
674640
839741
560801
47769
967137
789580
849929
239507
921952
910504
384413
27412
582938
351438
383825
86439
99089
732829
11027
255497
719805
467713
713189
265273
422912
588345
97408
82676
459883
672645
484836
247502
958982
121097
878007
344815
179801
919347
877369
254925
976472
353443
563182
514134
118378
427545
523190
752083
205324
486624
559096
82327
744478
478837
370285
819780
459848
40760
417161
76000
312690
948787
294228
808260
693007
473727
836666
352281
820127
684665
209057
843583
896785
334470
870292
54543
334983
1129
413438
371833
789240
695949
467034
110607
103856
607807
711509
495262
79491
36180
300425
76044
642497
60570
869666
789478
740500
410238
716129
897203
770502
301853
115179
54435
101992
436034
161391
554768
611542
602003
996775
874094
909864
375893
812810
694096
626843
958110
345723
128787
990050
520884
492693
989471
898988
630582
859708
217002
708835
329749
72466
564813
735498
667102
504159
529123
447385
932939
681777
781475
150681
123838
92807
692091
126133
505862
936821
469232
516024
83518
744688
336194
351487
678766
385776
675374
532955
266240
562833
848183
484767
106287
788170
602998
124785
794153
709812
507950
119084
333791
222848
605090
602287
567175
839579
897337
493179
550838
821084
675382
255355
161170
215350
114190
967115
153272
481736
96538
35426
129904
308667
249852
200859
166667
572347
16444
258860
581259
274432
87211
935831
572143
866191
885850
133312
582475
628776
324920
160545
586937
237650
720651
699917
183976
761425
779206
716021
553618
671895
338454
935676
459334
461858
131475
504417
766815
571947
898051
702657
997534
987132
300304
685209
542003
217343
90668
758747
21358
50553
564068
461737
272387
836199
746753
475105
156795
606377
167026
560326
469899
761840
739684
54865
853032
431972
628815
798822
875354
537359
663937
936242
886116
688056
261161
135478
827673
611642
274380
492176
49904
361029
764367
670568
260618
685452
818441
577785
92815
908022
209007
521649
655966
873865
662352
66589
946815
981386
549955
